"state","age","total_persons","total_males","total_females","rural_persons","rural_males","rural_females","urban_persons","urban_males","urban_females"
"ANDAMAN & NICOBAR ISLAND","All ages",380581,202871,177710,237093,126287,110806,143488,76584,66904
"ANDAMAN & NICOBAR ISLAND","0.000000",5378,2727,2651,3575,1818,1757,1803,909,894
"ANDAMAN & NICOBAR ISLAND","1.000000",5997,3071,2926,3837,1945,1892,2160,1126,1034
"ANDAMAN & NICOBAR ISLAND","2.000000",5834,2939,2895,3798,1900,1898,2036,1039,997
"ANDAMAN & NICOBAR ISLAND","3.000000",5760,2938,2822,3743,1912,1831,2017,1026,991
"ANDAMAN & NICOBAR ISLAND","4.000000",5785,2966,2819,3722,1894,1828,2063,1072,991
"ANDAMAN & NICOBAR ISLAND","5.000000",5967,2989,2978,3788,1899,1889,2179,1090,1089
"ANDAMAN & NICOBAR ISLAND","6.000000",6157,3140,3017,3952,2002,1950,2205,1138,1067
"ANDAMAN & NICOBAR ISLAND","7.000000",6218,3208,3010,3919,2061,1858,2299,1147,1152
"ANDAMAN & NICOBAR ISLAND","8.000000",5940,3072,2868,3723,1938,1785,2217,1134,1083
"ANDAMAN & NICOBAR ISLAND","9.000000",6172,3103,3069,3883,1949,1934,2289,1154,1135
"ANDAMAN & NICOBAR ISLAND","10.000000",7051,3608,3443,4436,2271,2165,2615,1337,1278
"ANDAMAN & NICOBAR ISLAND","11.000000",6929,3506,3423,4374,2164,2210,2555,1342,1213
"ANDAMAN & NICOBAR ISLAND","12.000000",6474,3261,3213,4096,2034,2062,2378,1227,1151
"ANDAMAN & NICOBAR ISLAND","13.000000",6497,3367,3130,4171,2115,2056,2326,1252,1074
"ANDAMAN & NICOBAR ISLAND","14.000000",6516,3376,3140,4149,2147,2002,2367,1229,1138
"ANDAMAN & NICOBAR ISLAND","15.000000",6728,3480,3248,4169,2176,1993,2559,1304,1255
"ANDAMAN & NICOBAR ISLAND","16.000000",6499,3397,3102,4010,2105,1905,2489,1292,1197
"ANDAMAN & NICOBAR ISLAND","17.000000",6407,3400,3007,3929,2074,1855,2478,1326,1152
"ANDAMAN & NICOBAR ISLAND","18.000000",6870,3587,3283,4282,2228,2054,2588,1359,1229
"ANDAMAN & NICOBAR ISLAND","19.000000",6522,3402,3120,3979,2061,1918,2543,1341,1202
"ANDAMAN & NICOBAR ISLAND","20.000000",7312,3827,3485,4422,2266,2156,2890,1561,1329
"ANDAMAN & NICOBAR ISLAND","21.000000",6799,3545,3254,4121,2083,2038,2678,1462,1216
"ANDAMAN & NICOBAR ISLAND","22.000000",7639,4061,3578,4609,2385,2224,3030,1676,1354
"ANDAMAN & NICOBAR ISLAND","23.000000",7482,3977,3505,4573,2387,2186,2909,1590,1319
"ANDAMAN & NICOBAR ISLAND","24.000000",7883,4118,3765,4815,2533,2282,3068,1585,1483
"ANDAMAN & NICOBAR ISLAND","25.000000",8892,4678,4214,5427,2867,2560,3465,1811,1654
"ANDAMAN & NICOBAR ISLAND","26.000000",8706,4650,4056,5334,2890,2444,3372,1760,1612
"ANDAMAN & NICOBAR ISLAND","27.000000",8146,4399,3747,5063,2723,2340,3083,1676,1407
"ANDAMAN & NICOBAR ISLAND","28.000000",8699,4595,4104,5279,2761,2518,3420,1834,1586
"ANDAMAN & NICOBAR ISLAND","29.000000",7279,3908,3371,4455,2434,2021,2824,1474,1350
"ANDAMAN & NICOBAR ISLAND","30.000000",9407,4943,4464,5796,3027,2769,3611,1916,1695
"ANDAMAN & NICOBAR ISLAND","31.000000",6774,3746,3028,4099,2294,1805,2675,1452,1223
"ANDAMAN & NICOBAR ISLAND","32.000000",7172,3933,3239,4366,2438,1928,2806,1495,1311
"ANDAMAN & NICOBAR ISLAND","33.000000",5943,3216,2727,3596,1986,1610,2347,1230,1117
"ANDAMAN & NICOBAR ISLAND","34.000000",6427,3521,2906,3954,2200,1754,2473,1321,1152
"ANDAMAN & NICOBAR ISLAND","35.000000",8644,4463,4181,5330,2719,2611,3314,1744,1570
"ANDAMAN & NICOBAR ISLAND","36.000000",6527,3448,3079,3888,2088,1800,2639,1360,1279
"ANDAMAN & NICOBAR ISLAND","37.000000",5701,3044,2657,3357,1852,1505,2344,1192,1152
"ANDAMAN & NICOBAR ISLAND","38.000000",6562,3363,3199,3947,2008,1939,2615,1355,1260
"ANDAMAN & NICOBAR ISLAND","39.000000",5408,2852,2556,3280,1757,1523,2128,1095,1033
"ANDAMAN & NICOBAR ISLAND","40.000000",7959,4260,3699,4847,2620,2227,3112,1640,1472
"ANDAMAN & NICOBAR ISLAND","41.000000",5063,2866,2197,2941,1689,1252,2122,1177,945
"ANDAMAN & NICOBAR ISLAND","42.000000",5401,3055,2346,3234,1822,1412,2167,1233,934
"ANDAMAN & NICOBAR ISLAND","43.000000",4053,2219,1834,2412,1317,1095,1641,902,739
"ANDAMAN & NICOBAR ISLAND","44.000000",4259,2413,1846,2525,1473,1052,1734,940,794
"ANDAMAN & NICOBAR ISLAND","45.000000",7372,3945,3427,4547,2424,2123,2825,1521,1304
"ANDAMAN & NICOBAR ISLAND","46.000000",4553,2546,2007,2675,1490,1185,1878,1056,822
"ANDAMAN & NICOBAR ISLAND","47.000000",3717,2155,1562,2191,1274,917,1526,881,645
"ANDAMAN & NICOBAR ISLAND","48.000000",4746,2649,2097,2901,1609,1292,1845,1040,805
"ANDAMAN & NICOBAR ISLAND","49.000000",3473,1975,1498,2118,1194,924,1355,781,574
"ANDAMAN & NICOBAR ISLAND","50.000000",5824,3053,2771,3663,1911,1752,2161,1142,1019
"ANDAMAN & NICOBAR ISLAND","51.000000",3192,1845,1347,1884,1103,781,1308,742,566
"ANDAMAN & NICOBAR ISLAND","52.000000",3146,1837,1309,1967,1164,803,1179,673,506
"ANDAMAN & NICOBAR ISLAND","53.000000",2453,1393,1060,1471,831,640,982,562,420
"ANDAMAN & NICOBAR ISLAND","54.000000",2681,1582,1099,1690,978,712,991,604,387
"ANDAMAN & NICOBAR ISLAND","55.000000",4408,2264,2144,2810,1411,1399,1598,853,745
"ANDAMAN & NICOBAR ISLAND","56.000000",2744,1602,1142,1676,972,704,1068,630,438
"ANDAMAN & NICOBAR ISLAND","57.000000",1981,1191,790,1211,727,484,770,464,306
"ANDAMAN & NICOBAR ISLAND","58.000000",2615,1544,1071,1665,981,684,950,563,387
"ANDAMAN & NICOBAR ISLAND","59.000000",2046,1269,777,1300,798,502,746,471,275
"ANDAMAN & NICOBAR ISLAND","60.000000",3954,2041,1913,2749,1395,1354,1205,646,559
"ANDAMAN & NICOBAR ISLAND","61.000000",1864,1078,786,1224,683,541,640,395,245
"ANDAMAN & NICOBAR ISLAND","62.000000",1876,1095,781,1300,745,555,576,350,226
"ANDAMAN & NICOBAR ISLAND","63.000000",1428,867,561,955,581,374,473,286,187
"ANDAMAN & NICOBAR ISLAND","64.000000",1254,726,528,874,495,379,380,231,149
"ANDAMAN & NICOBAR ISLAND","65.000000",2618,1315,1303,1924,984,940,694,331,363
"ANDAMAN & NICOBAR ISLAND","66.000000",1098,633,465,775,451,324,323,182,141
"ANDAMAN & NICOBAR ISLAND","67.000000",795,475,320,567,336,231,228,139,89
"ANDAMAN & NICOBAR ISLAND","68.000000",956,546,410,660,377,283,296,169,127
"ANDAMAN & NICOBAR ISLAND","69.000000",759,461,298,543,329,214,216,132,84
"ANDAMAN & NICOBAR ISLAND","70.000000",1939,1063,876,1395,766,629,544,297,247
"ANDAMAN & NICOBAR ISLAND","71.000000",691,407,284,486,280,206,205,127,78
"ANDAMAN & NICOBAR ISLAND","72.000000",613,373,240,426,257,169,187,116,71
"ANDAMAN & NICOBAR ISLAND","73.000000",400,250,150,267,165,102,133,85,48
"ANDAMAN & NICOBAR ISLAND","74.000000",455,285,170,331,219,112,124,66,58
"ANDAMAN & NICOBAR ISLAND","75.000000",1001,542,459,730,405,325,271,137,134
"ANDAMAN & NICOBAR ISLAND","76.000000",393,225,168,261,150,111,132,75,57
"ANDAMAN & NICOBAR ISLAND","77.000000",280,171,109,201,127,74,79,44,35
"ANDAMAN & NICOBAR ISLAND","78.000000",320,193,127,226,144,82,94,49,45
"ANDAMAN & NICOBAR ISLAND","79.000000",257,164,93,188,126,62,69,38,31
"ANDAMAN & NICOBAR ISLAND","80.000000",716,352,364,549,279,270,167,73,94
"ANDAMAN & NICOBAR ISLAND","81.000000",261,142,119,198,109,89,63,33,30
"ANDAMAN & NICOBAR ISLAND","82.000000",148,89,59,102,67,35,46,22,24
"ANDAMAN & NICOBAR ISLAND","83.000000",95,57,38,61,40,21,34,17,17
"ANDAMAN & NICOBAR ISLAND","84.000000",116,71,45,91,55,36,25,16,9
"ANDAMAN & NICOBAR ISLAND","85.000000",271,139,132,209,112,97,62,27,35
"ANDAMAN & NICOBAR ISLAND","86.000000",132,71,61,95,55,40,37,16,21
"ANDAMAN & NICOBAR ISLAND","87.000000",53,24,29,34,16,18,19,8,11
"ANDAMAN & NICOBAR ISLAND","88.000000",62,32,30,47,29,18,15,3,12
"ANDAMAN & NICOBAR ISLAND","89.000000",69,39,30,54,32,22,15,7,8
"ANDAMAN & NICOBAR ISLAND","90.000000",116,58,58,92,44,48,24,14,10
"ANDAMAN & NICOBAR ISLAND","91.000000",61,29,32,46,25,21,15,4,11
"ANDAMAN & NICOBAR ISLAND","92.000000",42,17,25,32,11,21,10,6,4
"ANDAMAN & NICOBAR ISLAND","93.000000",34,21,13,24,17,7,10,4,6
"ANDAMAN & NICOBAR ISLAND","94.000000",37,20,17,27,15,12,10,5,5
"ANDAMAN & NICOBAR ISLAND","95.000000",50,23,27,38,17,21,12,6,6
"ANDAMAN & NICOBAR ISLAND","96.000000",35,14,21,27,10,17,8,4,4
"ANDAMAN & NICOBAR ISLAND","97.000000",28,16,12,22,14,8,6,2,4
"ANDAMAN & NICOBAR ISLAND","98.000000",29,17,12,21,12,9,8,5,3
"ANDAMAN & NICOBAR ISLAND","99.000000",16,6,10,13,5,8,3,1,2
"ANDAMAN & NICOBAR ISLAND","100+",102,42,60,75,28,47,27,14,13
"ANDAMAN & NICOBAR ISLAND","Age not stated",368,195,173,180,101,79,188,94,94
"ANDHRA PRADESH","All ages",84580777,42442146,42138631,56361702,28243241,28118461,28219075,14198905,14020170
"ANDHRA PRADESH","0.000000",1214847,626538,588309,815259,419927,395332,399588,206611,192977
"ANDHRA PRADESH","1.000000",1260326,650403,609923,828365,427167,401198,431961,223236,208725
"ANDHRA PRADESH","2.000000",1181570,606189,575381,790173,404921,385252,391397,201268,190129
"ANDHRA PRADESH","3.000000",1319621,676134,643487,893059,456542,436517,426562,219592,206970
"ANDHRA PRADESH","4.000000",1308401,676623,631778,885302,457049,428253,423099,219574,203525
"ANDHRA PRADESH","5.000000",1441133,744802,696331,978111,505368,472743,463022,239434,223588
"ANDHRA PRADESH","6.000000",1416904,734261,682643,961753,498314,463439,455151,235947,219204
"ANDHRA PRADESH","7.000000",1483948,764908,719040,1008383,519134,489249,475565,245774,229791
"ANDHRA PRADESH","8.000000",1496883,766274,730609,1031850,527460,504390,465033,238814,226219
"ANDHRA PRADESH","9.000000",1465564,750153,715411,996772,508816,487956,468792,241337,227455
"ANDHRA PRADESH","10.000000",1767388,913080,854308,1198576,618712,579864,568812,294368,274444
"ANDHRA PRADESH","11.000000",1559410,795307,764103,1042395,531833,510562,517015,263474,253541
"ANDHRA PRADESH","12.000000",1676007,859629,816378,1149916,591236,558680,526091,268393,257698
"ANDHRA PRADESH","13.000000",1585749,809422,776327,1079830,552120,527710,505919,257302,248617
"ANDHRA PRADESH","14.000000",1613041,831446,781595,1094685,565959,528726,518356,265487,252869
"ANDHRA PRADESH","15.000000",1652368,861559,790809,1104994,578647,526347,547374,282912,264462
"ANDHRA PRADESH","16.000000",1576131,824000,752131,1031865,544177,487688,544266,279823,264443
"ANDHRA PRADESH","17.000000",1466112,780993,685119,942837,510581,432256,523275,270412,252863
"ANDHRA PRADESH","18.000000",1877103,960859,916244,1270200,659517,610683,606903,301342,305561
"ANDHRA PRADESH","19.000000",1522033,768896,753137,984173,507071,477102,537860,261825,276035
"ANDHRA PRADESH","20.000000",2179306,1045844,1133462,1488931,724575,764356,690375,321269,369106
"ANDHRA PRADESH","21.000000",1397179,714024,683155,872508,459819,412689,524671,254205,270466
"ANDHRA PRADESH","22.000000",1636241,823250,812991,1066231,550716,515515,570010,272534,297476
"ANDHRA PRADESH","23.000000",1416185,728178,688007,892299,471114,421185,523886,257064,266822
"ANDHRA PRADESH","24.000000",1503183,744401,758782,943308,476446,466862,559875,267955,291920
"ANDHRA PRADESH","25.000000",2302932,1093110,1209822,1566955,752957,813998,735977,340153,395824
"ANDHRA PRADESH","26.000000",1473069,731964,741105,928033,467285,460748,545036,264679,280357
"ANDHRA PRADESH","27.000000",1232153,627589,604564,746879,385554,361325,485274,242035,243239
"ANDHRA PRADESH","28.000000",1628758,780522,848236,1051558,501132,550426,577200,279390,297810
"ANDHRA PRADESH","29.000000",1162124,576702,585422,702156,346214,355942,459968,230488,229480
"ANDHRA PRADESH","30.000000",2483935,1225543,1258392,1707442,839539,867903,776493,386004,390489
"ANDHRA PRADESH","31.000000",964372,498167,466205,567321,292069,275252,397051,206098,190953
"ANDHRA PRADESH","32.000000",1222481,614364,608117,785084,390934,394150,437397,223430,213967
"ANDHRA PRADESH","33.000000",860328,437627,422701,521806,263365,258441,338522,174262,164260
"ANDHRA PRADESH","34.000000",1053255,524706,528549,651966,321008,330958,401289,203698,197591
"ANDHRA PRADESH","35.000000",2384711,1173447,1211264,1645791,807832,837959,738920,365615,373305
"ANDHRA PRADESH","36.000000",1141573,561081,580492,729099,353759,375340,412474,207322,205152
"ANDHRA PRADESH","37.000000",810906,406946,403960,487053,241349,245704,323853,165597,158256
"ANDHRA PRADESH","38.000000",1242504,590501,652003,807835,376223,431612,434669,214278,220391
"ANDHRA PRADESH","39.000000",927645,466537,461108,576580,285281,291299,351065,181256,169809
"ANDHRA PRADESH","40.000000",2410551,1231998,1178553,1694584,864578,830006,715967,367420,348547
"ANDHRA PRADESH","41.000000",782781,417088,365693,468521,248216,220305,314260,168872,145388
"ANDHRA PRADESH","42.000000",892816,470480,422336,571413,297856,273557,321403,172624,148779
"ANDHRA PRADESH","43.000000",596313,307739,288574,359718,182451,177267,236595,125288,111307
"ANDHRA PRADESH","44.000000",717012,367093,349919,446665,226720,219945,270347,140373,129974
"ANDHRA PRADESH","45.000000",2029097,1023985,1005112,1424109,718292,705817,604988,305693,299295
"ANDHRA PRADESH","46.000000",756598,390938,365660,475971,243434,232537,280627,147504,133123
"ANDHRA PRADESH","47.000000",503130,263819,239311,294559,151388,143171,208571,112431,96140
"ANDHRA PRADESH","48.000000",768274,383753,384521,495620,242713,252907,272654,141040,131614
"ANDHRA PRADESH","49.000000",600170,312138,288032,377041,193767,183274,223129,118371,104758
"ANDHRA PRADESH","50.000000",1838524,921379,917145,1313625,660651,652974,524899,260728,264171
"ANDHRA PRADESH","51.000000",504181,268429,235752,310717,162987,147730,193464,105442,88022
"ANDHRA PRADESH","52.000000",492974,258926,234048,313377,160997,152380,179597,97929,81668
"ANDHRA PRADESH","53.000000",336719,177261,159458,197239,100092,97147,139480,77169,62311
"ANDHRA PRADESH","54.000000",484988,236588,248400,306502,144491,162011,178486,92097,86389
"ANDHRA PRADESH","55.000000",1312769,587711,725058,946172,415763,530409,366597,171948,194649
"ANDHRA PRADESH","56.000000",482892,236182,246710,313693,147236,166457,169199,88946,80253
"ANDHRA PRADESH","57.000000",275455,138481,136974,162107,75468,86639,113348,63013,50335
"ANDHRA PRADESH","58.000000",436278,197842,238436,290203,121658,168545,146075,76184,69891
"ANDHRA PRADESH","59.000000",402204,190323,211881,263004,118269,144735,139200,72054,67146
"ANDHRA PRADESH","60.000000",1684428,748932,935496,1278096,566351,711745,406332,182581,223751
"ANDHRA PRADESH","61.000000",449654,213895,235759,312305,143980,168325,137349,69915,67434
"ANDHRA PRADESH","62.000000",436166,211660,224506,318980,150269,168711,117186,61391,55795
"ANDHRA PRADESH","63.000000",273909,137681,136228,181601,86954,94647,92308,50727,41581
"ANDHRA PRADESH","64.000000",355680,173596,182084,251571,119310,132261,104109,54286,49823
"ANDHRA PRADESH","65.000000",1191661,545760,645901,930480,430812,499668,261181,114948,146233
"ANDHRA PRADESH","66.000000",319520,157643,161877,229857,113188,116669,89663,44455,45208
"ANDHRA PRADESH","67.000000",168869,89868,79001,112869,58875,53994,56000,30993,25007
"ANDHRA PRADESH","68.000000",257585,126989,130596,186545,90255,96290,71040,36734,34306
"ANDHRA PRADESH","69.000000",230219,114100,116119,164950,81048,83902,65269,33052,32217
"ANDHRA PRADESH","70.000000",972318,470512,501806,766389,378676,387713,205929,91836,114093
"ANDHRA PRADESH","71.000000",201414,100800,100614,143573,71510,72063,57841,29290,28551
"ANDHRA PRADESH","72.000000",144834,76128,68706,103580,53696,49884,41254,22432,18822
"ANDHRA PRADESH","73.000000",83302,45012,38290,53982,28415,25567,29320,16597,12723
"ANDHRA PRADESH","74.000000",117490,60291,57199,80494,40950,39544,36996,19341,17655
"ANDHRA PRADESH","75.000000",368400,175004,193396,280000,136015,143985,88400,38989,49411
"ANDHRA PRADESH","76.000000",102887,50905,51982,70965,35252,35713,31922,15653,16269
"ANDHRA PRADESH","77.000000",42029,22501,19528,25234,13308,11926,16795,9193,7602
"ANDHRA PRADESH","78.000000",61700,30282,31418,41599,20101,21498,20101,10181,9920
"ANDHRA PRADESH","79.000000",61973,28782,33191,42243,19620,22623,19730,9162,10568
"ANDHRA PRADESH","80.000000",302221,127912,174309,234814,102592,132222,67407,25320,42087
"ANDHRA PRADESH","81.000000",60660,26703,33957,42233,18822,23411,18427,7881,10546
"ANDHRA PRADESH","82.000000",34717,16610,18107,23088,10984,12104,11629,5626,6003
"ANDHRA PRADESH","83.000000",20758,10260,10498,12168,5949,6219,8590,4311,4279
"ANDHRA PRADESH","84.000000",28309,13122,15187,17473,8295,9178,10836,4827,6009
"ANDHRA PRADESH","85.000000",85235,35293,49942,60931,26145,34786,24304,9148,15156
"ANDHRA PRADESH","86.000000",25927,11725,14202,16149,7519,8630,9778,4206,5572
"ANDHRA PRADESH","87.000000",11412,5462,5950,6192,3008,3184,5220,2454,2766
"ANDHRA PRADESH","88.000000",12843,5916,6927,7425,3421,4004,5418,2495,2923
"ANDHRA PRADESH","89.000000",14768,6272,8496,8882,3778,5104,5886,2494,3392
"ANDHRA PRADESH","90.000000",56581,22075,34506,41571,16603,24968,15010,5472,9538
"ANDHRA PRADESH","91.000000",15241,6615,8626,9746,4232,5514,5495,2383,3112
"ANDHRA PRADESH","92.000000",8917,4040,4877,5655,2560,3095,3262,1480,1782
"ANDHRA PRADESH","93.000000",5337,2549,2788,3194,1544,1650,2143,1005,1138
"ANDHRA PRADESH","94.000000",6583,2977,3606,4024,1835,2189,2559,1142,1417
"ANDHRA PRADESH","95.000000",16318,6728,9590,11386,4742,6644,4932,1986,2946
"ANDHRA PRADESH","96.000000",6981,3149,3832,4366,2007,2359,2615,1142,1473
"ANDHRA PRADESH","97.000000",4328,2041,2287,2512,1207,1305,1816,834,982
"ANDHRA PRADESH","98.000000",6009,2665,3344,3761,1625,2136,2248,1040,1208
"ANDHRA PRADESH","99.000000",3073,1266,1807,1864,754,1110,1209,512,697
"ANDHRA PRADESH","100+",27985,12607,15378,15344,6671,8673,12641,5936,6705
"ANDHRA PRADESH","Age not stated",771431,387686,383745,401438,201614,199824,369993,186072,183921
"ARUNACHAL PRADESH","All ages",1383727,713912,669815,1066358,546011,520347,317369,167901,149468
"ARUNACHAL PRADESH","0.000000",23229,11799,11430,18347,9309,9038,4882,2490,2392
"ARUNACHAL PRADESH","1.000000",30140,15296,14844,23941,12081,11860,6199,3215,2984
"ARUNACHAL PRADESH","2.000000",28930,14628,14302,23871,12085,11786,5059,2543,2516
"ARUNACHAL PRADESH","3.000000",29950,15191,14759,24526,12402,12124,5424,2789,2635
"ARUNACHAL PRADESH","4.000000",30630,15550,15080,25088,12716,12372,5542,2834,2708
"ARUNACHAL PRADESH","5.000000",34389,17508,16881,27932,14202,13730,6457,3306,3151
"ARUNACHAL PRADESH","6.000000",34920,17652,17268,28584,14446,14138,6336,3206,3130
"ARUNACHAL PRADESH","7.000000",34077,17142,16935,27301,13811,13490,6776,3331,3445
"ARUNACHAL PRADESH","8.000000",35939,18189,17750,29123,14781,14342,6816,3408,3408
"ARUNACHAL PRADESH","9.000000",31798,16208,15590,25408,12997,12411,6390,3211,3179
"ARUNACHAL PRADESH","10.000000",39407,20115,19292,31540,16093,15447,7867,4022,3845
"ARUNACHAL PRADESH","11.000000",33595,17170,16425,26291,13515,12776,7304,3655,3649
"ARUNACHAL PRADESH","12.000000",38453,19251,19202,30343,15243,15100,8110,4008,4102
"ARUNACHAL PRADESH","13.000000",32977,16365,16612,25209,12612,12597,7768,3753,4015
"ARUNACHAL PRADESH","14.000000",34927,17538,17389,26643,13517,13126,8284,4021,4263
"ARUNACHAL PRADESH","15.000000",35678,18039,17639,27029,13807,13222,8649,4232,4417
"ARUNACHAL PRADESH","16.000000",32577,16310,16267,24106,12239,11867,8471,4071,4400
"ARUNACHAL PRADESH","17.000000",27940,14261,13679,20297,10484,9813,7643,3777,3866
"ARUNACHAL PRADESH","18.000000",34053,17304,16749,25615,12988,12627,8438,4316,4122
"ARUNACHAL PRADESH","19.000000",25720,12759,12961,19017,9443,9574,6703,3316,3387
"ARUNACHAL PRADESH","20.000000",34641,17035,17606,26630,13140,13490,8011,3895,4116
"ARUNACHAL PRADESH","21.000000",24130,11860,12270,17843,8853,8990,6287,3007,3280
"ARUNACHAL PRADESH","22.000000",25395,12798,12597,18723,9460,9263,6672,3338,3334
"ARUNACHAL PRADESH","23.000000",22246,11496,10750,16144,8259,7885,6102,3237,2865
"ARUNACHAL PRADESH","24.000000",25284,12844,12440,18551,9311,9240,6733,3533,3200
"ARUNACHAL PRADESH","25.000000",32057,16172,15885,23848,11975,11873,8209,4197,4012
"ARUNACHAL PRADESH","26.000000",24682,12682,12000,17984,9094,8890,6698,3588,3110
"ARUNACHAL PRADESH","27.000000",21489,11248,10241,15659,8109,7550,5830,3139,2691
"ARUNACHAL PRADESH","28.000000",25450,12925,12525,18717,9351,9366,6733,3574,3159
"ARUNACHAL PRADESH","29.000000",20036,10339,9697,14723,7445,7278,5313,2894,2419
"ARUNACHAL PRADESH","30.000000",35727,18073,17654,27124,13591,13533,8603,4482,4121
"ARUNACHAL PRADESH","31.000000",17836,9561,8275,12924,6847,6077,4912,2714,2198
"ARUNACHAL PRADESH","32.000000",18080,9521,8559,13130,6815,6315,4950,2706,2244
"ARUNACHAL PRADESH","33.000000",13096,6845,6251,9380,4810,4570,3716,2035,1681
"ARUNACHAL PRADESH","34.000000",16432,8462,7970,11734,5943,5791,4698,2519,2179
"ARUNACHAL PRADESH","35.000000",29448,15227,14221,21760,11175,10585,7688,4052,3636
"ARUNACHAL PRADESH","36.000000",17038,8762,8276,12247,6202,6045,4791,2560,2231
"ARUNACHAL PRADESH","37.000000",13798,7033,6765,10004,5038,4966,3794,1995,1799
"ARUNACHAL PRADESH","38.000000",18276,9029,9247,13371,6510,6861,4905,2519,2386
"ARUNACHAL PRADESH","39.000000",15831,8160,7671,11766,5901,5865,4065,2259,1806
"ARUNACHAL PRADESH","40.000000",31467,16639,14828,23900,12460,11440,7567,4179,3388
"ARUNACHAL PRADESH","41.000000",13758,7620,6138,9934,5366,4568,3824,2254,1570
"ARUNACHAL PRADESH","42.000000",13369,7476,5893,9472,5097,4375,3897,2379,1518
"ARUNACHAL PRADESH","43.000000",9248,5147,4101,6595,3532,3063,2653,1615,1038
"ARUNACHAL PRADESH","44.000000",10761,5979,4782,7841,4176,3665,2920,1803,1117
"ARUNACHAL PRADESH","45.000000",21854,11860,9994,16221,8552,7669,5633,3308,2325
"ARUNACHAL PRADESH","46.000000",11335,6361,4974,8285,4510,3775,3050,1851,1199
"ARUNACHAL PRADESH","47.000000",8710,4860,3850,6509,3476,3033,2201,1384,817
"ARUNACHAL PRADESH","48.000000",11891,6512,5379,9012,4733,4279,2879,1779,1100
"ARUNACHAL PRADESH","49.000000",9889,5580,4309,7754,4194,3560,2135,1386,749
"ARUNACHAL PRADESH","50.000000",20203,11266,8937,16021,8775,7246,4182,2491,1691
"ARUNACHAL PRADESH","51.000000",8051,4732,3319,6257,3513,2744,1794,1219,575
"ARUNACHAL PRADESH","52.000000",7007,4197,2810,5442,3116,2326,1565,1081,484
"ARUNACHAL PRADESH","53.000000",4864,2822,2042,3768,2046,1722,1096,776,320
"ARUNACHAL PRADESH","54.000000",5985,3470,2515,4761,2598,2163,1224,872,352
"ARUNACHAL PRADESH","55.000000",10474,5839,4635,8437,4541,3896,2037,1298,739
"ARUNACHAL PRADESH","56.000000",5683,3388,2295,4597,2616,1981,1086,772,314
"ARUNACHAL PRADESH","57.000000",4042,2420,1622,3292,1855,1437,750,565,185
"ARUNACHAL PRADESH","58.000000",4822,2689,2133,4039,2143,1896,783,546,237
"ARUNACHAL PRADESH","59.000000",4865,2660,2205,4194,2246,1948,671,414,257
"ARUNACHAL PRADESH","60.000000",12101,6418,5683,10534,5531,5003,1567,887,680
"ARUNACHAL PRADESH","61.000000",4519,2449,2070,3956,2126,1830,563,323,240
"ARUNACHAL PRADESH","62.000000",3501,1862,1639,3074,1604,1470,427,258,169
"ARUNACHAL PRADESH","63.000000",2450,1304,1146,2150,1121,1029,300,183,117
"ARUNACHAL PRADESH","64.000000",2874,1459,1415,2548,1277,1271,326,182,144
"ARUNACHAL PRADESH","65.000000",6207,3164,3043,5472,2767,2705,735,397,338
"ARUNACHAL PRADESH","66.000000",2516,1273,1243,2264,1148,1116,252,125,127
"ARUNACHAL PRADESH","67.000000",1798,961,837,1608,850,758,190,111,79
"ARUNACHAL PRADESH","68.000000",2155,1108,1047,1957,988,969,198,120,78
"ARUNACHAL PRADESH","69.000000",2297,1136,1161,2045,1002,1043,252,134,118
"ARUNACHAL PRADESH","70.000000",5734,2975,2759,5176,2703,2473,558,272,286
"ARUNACHAL PRADESH","71.000000",1865,999,866,1689,910,779,176,89,87
"ARUNACHAL PRADESH","72.000000",1226,634,592,1128,586,542,98,48,50
"ARUNACHAL PRADESH","73.000000",779,391,388,701,351,350,78,40,38
"ARUNACHAL PRADESH","74.000000",1043,548,495,953,498,455,90,50,40
"ARUNACHAL PRADESH","75.000000",2174,1141,1033,1958,1033,925,216,108,108
"ARUNACHAL PRADESH","76.000000",903,481,422,812,433,379,91,48,43
"ARUNACHAL PRADESH","77.000000",601,326,275,553,296,257,48,30,18
"ARUNACHAL PRADESH","78.000000",691,365,326,618,324,294,73,41,32
"ARUNACHAL PRADESH","79.000000",766,374,392,714,349,365,52,25,27
"ARUNACHAL PRADESH","80.000000",1950,1008,942,1785,925,860,165,83,82
"ARUNACHAL PRADESH","81.000000",661,335,326,592,300,292,69,35,34
"ARUNACHAL PRADESH","82.000000",443,222,221,392,198,194,51,24,27
"ARUNACHAL PRADESH","83.000000",254,135,119,217,113,104,37,22,15
"ARUNACHAL PRADESH","84.000000",365,171,194,320,158,162,45,13,32
"ARUNACHAL PRADESH","85.000000",671,341,330,591,306,285,80,35,45
"ARUNACHAL PRADESH","86.000000",300,150,150,253,131,122,47,19,28
"ARUNACHAL PRADESH","87.000000",200,92,108,160,74,86,40,18,22
"ARUNACHAL PRADESH","88.000000",227,127,100,181,102,79,46,25,21
"ARUNACHAL PRADESH","89.000000",207,101,106,183,91,92,24,10,14
"ARUNACHAL PRADESH","90.000000",571,298,273,495,259,236,76,39,37
"ARUNACHAL PRADESH","91.000000",190,93,97,155,73,82,35,20,15
"ARUNACHAL PRADESH","92.000000",145,69,76,121,57,64,24,12,12
"ARUNACHAL PRADESH","93.000000",94,46,48,71,34,37,23,12,11
"ARUNACHAL PRADESH","94.000000",129,64,65,110,51,59,19,13,6
"ARUNACHAL PRADESH","95.000000",186,88,98,154,73,81,32,15,17
"ARUNACHAL PRADESH","96.000000",98,51,47,82,39,43,16,12,4
"ARUNACHAL PRADESH","97.000000",93,48,45,79,41,38,14,7,7
"ARUNACHAL PRADESH","98.000000",111,58,53,95,50,45,16,8,8
"ARUNACHAL PRADESH","99.000000",51,30,21,41,24,17,10,6,4
"ARUNACHAL PRADESH","100+",493,294,199,374,209,165,119,85,34
"ARUNACHAL PRADESH","Age not stated",1509,859,650,1193,661,532,316,198,118
"ASSAM","All ages",26655528,13777037,12878491,23216288,11939945,11276343,3439240,1837092,1602148
"ASSAM","0.000000",423165,216404,206761,387270,197785,189485,35895,18619,17276
"ASSAM","1.000000",537011,273872,263139,486595,247905,238690,50416,25967,24449
"ASSAM","2.000000",693512,352083,341429,633988,321480,312508,59524,30603,28921
"ASSAM","3.000000",702652,352580,350072,640647,321087,319560,62005,31493,30512
"ASSAM","4.000000",677658,344354,333304,619070,314360,304710,58588,29994,28594
"ASSAM","5.000000",718082,369032,349050,653626,335458,318168,64456,33574,30882
"ASSAM","6.000000",745995,380791,365204,683211,348424,334787,62784,32367,30417
"ASSAM","7.000000",727665,369471,358194,657618,333486,324132,70047,35985,34062
"ASSAM","8.000000",836315,429121,407194,761257,389963,371294,75058,39158,35900
"ASSAM","9.000000",575644,289818,285826,516260,259695,256565,59384,30123,29261
"ASSAM","10.000000",875099,454024,421075,787409,408374,379035,87690,45650,42040
"ASSAM","11.000000",449531,227842,221689,390059,197635,192424,59472,30207,29265
"ASSAM","12.000000",841936,440289,401647,753495,394512,358983,88441,45777,42664
"ASSAM","13.000000",531130,268600,262530,462232,234242,227990,68898,34358,34540
"ASSAM","14.000000",634947,327214,307733,559158,289101,270057,75789,38113,37676
"ASSAM","15.000000",594358,315544,278814,522181,278866,243315,72177,36678,35499
"ASSAM","16.000000",604658,317168,287490,532174,280641,251533,72484,36527,35957
"ASSAM","17.000000",358292,191983,166309,305250,164032,141218,53042,27951,25091
"ASSAM","18.000000",739356,389191,350165,647926,340530,307396,91430,48661,42769
"ASSAM","19.000000",314129,154481,159648,263204,128062,135142,50925,26419,24506
"ASSAM","20.000000",758488,372180,386308,662540,323282,339258,95948,48898,47050
"ASSAM","21.000000",275339,142056,133283,225471,114748,110723,49868,27308,22560
"ASSAM","22.000000",602719,301860,300859,517596,256885,260711,85123,44975,40148
"ASSAM","23.000000",317036,159781,157255,263657,131602,132055,53379,28179,25200
"ASSAM","24.000000",361556,181989,179567,301890,150369,151521,59666,31620,28046
"ASSAM","25.000000",837031,388247,448784,728045,335849,392196,108986,52398,56588
"ASSAM","26.000000",412702,204422,208280,346954,170918,176036,65748,33504,32244
"ASSAM","27.000000",317625,161367,156258,263365,132934,130431,54260,28433,25827
"ASSAM","28.000000",583095,290858,292237,495937,245237,250700,87158,45621,41537
"ASSAM","29.000000",165478,80487,84991,132856,63473,69383,32622,17014,15608
"ASSAM","30.000000",996260,491802,504458,858807,422155,436652,137453,69647,67806
"ASSAM","31.000000",137963,72135,65828,111214,56485,54729,26749,15650,11099
"ASSAM","32.000000",462171,242598,219573,387961,202596,185365,74210,40002,34208
"ASSAM","33.000000",197210,102839,94371,162439,83359,79080,34771,19480,15291
"ASSAM","34.000000",184597,96740,87857,151181,77890,73291,33416,18850,14566
"ASSAM","35.000000",962937,510727,452210,825637,437743,387894,137300,72984,64316
"ASSAM","36.000000",280995,148647,132348,235297,123533,111764,45698,25114,20584
"ASSAM","37.000000",170976,92952,78024,140722,75838,64884,30254,17114,13140
"ASSAM","38.000000",390757,207973,182784,327222,172276,154946,63535,35697,27838
"ASSAM","39.000000",115905,60692,55213,93516,47849,45667,22389,12843,9546
"ASSAM","40.000000",831266,461979,369287,712498,392824,319674,118768,69155,49613
"ASSAM","41.000000",87028,49266,37762,70785,39142,31643,16243,10124,6119
"ASSAM","42.000000",265429,154055,111374,219137,125953,93184,46292,28102,18190
"ASSAM","43.000000",101473,55055,46418,81542,43124,38418,19931,11931,8000
"ASSAM","44.000000",83920,45383,38537,68492,36261,32231,15428,9122,6306
"ASSAM","45.000000",659814,364332,295482,564477,309408,255069,95337,54924,40413
"ASSAM","46.000000",116366,63867,52499,96269,52151,44118,20097,11716,8381
"ASSAM","47.000000",92012,52552,39460,74784,42101,32683,17228,10451,6777
"ASSAM","48.000000",215157,120446,94711,179033,98804,80229,36124,21642,14482
"ASSAM","49.000000",59001,32651,26350,47193,25447,21746,11808,7204,4604
"ASSAM","50.000000",545955,291545,254410,472115,249788,222327,73840,41757,32083
"ASSAM","51.000000",57112,35098,22014,46487,28035,18452,10625,7063,3562
"ASSAM","52.000000",138203,81932,56271,113712,66490,47222,24491,15442,9049
"ASSAM","53.000000",52788,30477,22311,41748,23321,18427,11040,7156,3884
"ASSAM","54.000000",49537,28713,20824,38759,21726,17033,10778,6987,3791
"ASSAM","55.000000",362712,184746,177966,316313,159333,156980,46399,25413,20986
"ASSAM","56.000000",72082,40950,31132,59226,32797,26429,12856,8153,4703
"ASSAM","57.000000",43870,25906,17964,35393,20276,15117,8477,5630,2847
"ASSAM","58.000000",92272,49828,42444,76433,40139,36294,15839,9689,6150
"ASSAM","59.000000",28216,16249,11967,22115,12110,10005,6101,4139,1962
"ASSAM","60.000000",425087,206618,218469,377359,182851,194508,47728,23767,23961
"ASSAM","61.000000",29374,16260,13114,24878,13410,11468,4496,2850,1646
"ASSAM","62.000000",73217,38975,34242,62296,32762,29534,10921,6213,4708
"ASSAM","63.000000",28028,15192,12836,22770,11961,10809,5258,3231,2027
"ASSAM","64.000000",21378,11932,9446,17100,9269,7831,4278,2663,1615
"ASSAM","65.000000",271632,131298,140334,239103,115679,123424,32529,15619,16910
"ASSAM","66.000000",29712,16261,13451,24787,13338,11449,4925,2923,2002
"ASSAM","67.000000",25971,15008,10963,21444,12312,9132,4527,2696,1831
"ASSAM","68.000000",40886,21089,19797,33939,17231,16708,6947,3858,3089
"ASSAM","69.000000",13882,7548,6334,11225,5907,5318,2657,1641,1016
"ASSAM","70.000000",231209,118569,112640,206595,106755,99840,24614,11814,12800
"ASSAM","71.000000",12872,7799,5073,10654,6320,4334,2218,1479,739
"ASSAM","72.000000",32955,19132,13823,27562,15964,11598,5393,3168,2225
"ASSAM","73.000000",10884,6545,4339,8646,5139,3507,2238,1406,832
"ASSAM","74.000000",8109,5021,3088,6239,3830,2409,1870,1191,679
"ASSAM","75.000000",98774,53247,45527,87374,47545,39829,11400,5702,5698
"ASSAM","76.000000",11321,6918,4403,9183,5590,3593,2138,1328,810
"ASSAM","77.000000",6939,4284,2655,5617,3459,2158,1322,825,497
"ASSAM","78.000000",13933,8028,5905,11311,6508,4803,2622,1520,1102
"ASSAM","79.000000",4564,2681,1883,3682,2124,1558,882,557,325
"ASSAM","80.000000",74806,37857,36949,67231,34302,32929,7575,3555,4020
"ASSAM","81.000000",4834,3017,1817,4093,2533,1560,741,484,257
"ASSAM","82.000000",8633,4947,3686,7166,4133,3033,1467,814,653
"ASSAM","83.000000",3150,1885,1265,2494,1506,988,656,379,277
"ASSAM","84.000000",2724,1678,1046,2124,1321,803,600,357,243
"ASSAM","85.000000",24822,12979,11843,21923,11647,10276,2899,1332,1567
"ASSAM","86.000000",3001,1772,1229,2410,1421,989,591,351,240
"ASSAM","87.000000",2192,1292,900,1741,1025,716,451,267,184
"ASSAM","88.000000",2868,1605,1263,2401,1329,1072,467,276,191
"ASSAM","89.000000",1343,738,605,1083,588,495,260,150,110
"ASSAM","90.000000",19695,9679,10016,17867,8931,8936,1828,748,1080
"ASSAM","91.000000",1290,726,564,1093,612,481,197,114,83
"ASSAM","92.000000",2271,1232,1039,1922,1050,872,349,182,167
"ASSAM","93.000000",992,529,463,810,444,366,182,85,97
"ASSAM","94.000000",769,427,342,639,362,277,130,65,65
"ASSAM","95.000000",7327,3734,3593,6572,3415,3157,755,319,436
"ASSAM","96.000000",1218,674,544,1030,577,453,188,97,91
"ASSAM","97.000000",787,448,339,674,382,292,113,66,47
"ASSAM","98.000000",1891,1004,887,1644,878,766,247,126,121
"ASSAM","99.000000",1585,807,778,1407,724,683,178,83,95
"ASSAM","100+",3441,1150,2291,3159,1068,2091,282,82,200
"ASSAM","Age not stated",28974,17208,11766,23593,13854,9739,5381,3354,2027
"BIHAR","All ages",104099452,54278157,49821295,92341436,48073850,44267586,11758016,6204307,5553709
"BIHAR","0.000000",2014957,1057050,957907,1838075,963569,874506,176882,93481,83401
"BIHAR","1.000000",2330590,1213637,1116953,2114748,1099739,1015009,215842,113898,101944
"BIHAR","2.000000",2801985,1434919,1367066,2550905,1304639,1246266,251080,130280,120800
"BIHAR","3.000000",2835798,1441206,1394592,2571849,1305780,1266069,263949,135426,128523
"BIHAR","4.000000",2781699,1430059,1351640,2524711,1296098,1228613,256988,133961,123027
"BIHAR","5.000000",3072103,1605376,1466727,2784809,1452900,1331909,287294,152476,134818
"BIHAR","6.000000",3296832,1704992,1591840,2998604,1548946,1449658,298228,156046,142182
"BIHAR","7.000000",2736174,1411042,1325132,2472268,1273456,1198812,263906,137586,126320
"BIHAR","8.000000",3472198,1798593,1673605,3152704,1630750,1521954,319494,167843,151651
"BIHAR","9.000000",2458970,1276356,1182614,2222416,1151911,1070505,236554,124445,112109
"BIHAR","10.000000",3848668,2027478,1821190,3486052,1834339,1651713,362616,193139,169477
"BIHAR","11.000000",2385653,1256269,1129384,2138971,1125945,1013026,246682,130324,116358
"BIHAR","12.000000",3188267,1683310,1504957,2863651,1512521,1351130,324616,170789,153827
"BIHAR","13.000000",2185027,1135187,1049840,1943012,1010688,932324,242015,124499,117516
"BIHAR","14.000000",2312267,1221587,1090680,2041261,1080482,960779,271006,141105,129901
"BIHAR","15.000000",2326025,1289350,1036675,2054655,1143650,911005,271370,145700,125670
"BIHAR","16.000000",2046951,1143121,903830,1785492,1003054,782438,261459,140067,121392
"BIHAR","17.000000",1408901,798482,610419,1205355,687338,518017,203546,111144,92402
"BIHAR","18.000000",2294012,1320854,973158,1994318,1153623,840695,299694,167231,132463
"BIHAR","19.000000",1396806,738774,658032,1203909,634833,569076,192897,103941,88956
"BIHAR","20.000000",2349733,1239346,1110387,2051632,1080386,971246,298101,158960,139141
"BIHAR","21.000000",1321504,712345,609159,1139970,613668,526302,181534,98677,82857
"BIHAR","22.000000",1822757,976344,846413,1586759,847949,738810,235998,128395,107603
"BIHAR","23.000000",1243544,608628,634916,1084140,523493,560647,159404,85135,74269
"BIHAR","24.000000",1327197,673922,653275,1148552,579033,569519,178645,94889,83756
"BIHAR","25.000000",2541873,1353711,1188162,2235640,1198784,1036856,306233,154927,151306
"BIHAR","26.000000",1433514,740356,693158,1246347,641303,605044,187167,99053,88114
"BIHAR","27.000000",983868,480414,503454,853481,411194,442287,130387,69220,61167
"BIHAR","28.000000",1759205,791885,967320,1555061,689251,865810,204144,102634,101510
"BIHAR","29.000000",953245,462321,490924,832159,399630,432529,121086,62691,58395
"BIHAR","30.000000",2940550,1541816,1398734,2598056,1370151,1227905,342494,171665,170829
"BIHAR","31.000000",990497,506306,484191,863551,439863,423688,126946,66443,60503
"BIHAR","32.000000",1375085,650216,724869,1210791,565747,645044,164294,84469,79825
"BIHAR","33.000000",837516,363956,473560,737453,312485,424968,100063,51471,48592
"BIHAR","34.000000",912089,448302,463787,793193,386160,407033,118896,62142,56754
"BIHAR","35.000000",2673063,1487036,1186027,2350215,1318322,1031893,322848,168714,154134
"BIHAR","36.000000",1170224,613976,556248,1024979,538166,486813,145245,75810,69435
"BIHAR","37.000000",658890,309388,349502,573998,265583,308415,84892,43805,41087
"BIHAR","38.000000",1235113,530373,704740,1095797,462669,633128,139316,67704,71612
"BIHAR","39.000000",719971,367388,352583,626262,317625,308637,93709,49763,43946
"BIHAR","40.000000",2544475,1450992,1093483,2239036,1285431,953605,305439,165561,139878
"BIHAR","41.000000",771153,430031,341122,666618,372143,294475,104535,57888,46647
"BIHAR","42.000000",826775,399965,426810,721170,343871,377299,105605,56094,49511
"BIHAR","43.000000",481792,204798,276994,418086,171957,246129,63706,32841,30865
"BIHAR","44.000000",541497,271023,270474,465958,231174,234784,75539,39849,35690
"BIHAR","45.000000",2011304,1109013,902291,1762513,978077,784436,248791,130936,117855
"BIHAR","46.000000",705574,371971,333603,610489,321123,289366,95085,50848,44237
"BIHAR","47.000000",380253,176936,203317,325580,147416,178164,54673,29520,25153
"BIHAR","48.000000",728178,316969,411209,639651,271390,368261,88527,45579,42948
"BIHAR","49.000000",445065,235105,209960,383300,200793,182507,61765,34312,27453
"BIHAR","50.000000",1797034,1040278,756756,1582960,924651,658309,214074,115627,98447
"BIHAR","51.000000",502770,288732,214038,434464,249841,184623,68306,38891,29415
"BIHAR","52.000000",412949,202699,210250,356482,171492,184990,56467,31207,25260
"BIHAR","53.000000",261284,114404,146880,223052,93546,129506,38232,20858,17374
"BIHAR","54.000000",338703,162312,176391,288736,135707,153029,49967,26605,23362
"BIHAR","55.000000",1338071,664285,673786,1180114,587332,592782,157957,76953,81004
"BIHAR","56.000000",461068,230098,230970,399551,197424,202127,61517,32674,28843
"BIHAR","57.000000",234549,105331,129218,199854,85446,114408,34695,19885,14810
"BIHAR","58.000000",427688,163161,264527,378007,137475,240532,49681,25686,23995
"BIHAR","59.000000",335302,167481,167821,292803,143840,148963,42499,23641,18858
"BIHAR","60.000000",1632251,862240,770011,1462108,776991,685117,170143,85249,84894
"BIHAR","61.000000",469113,252467,216646,414065,222402,191663,55048,30065,24983
"BIHAR","62.000000",414292,205627,208665,368653,180201,188452,45639,25426,20213
"BIHAR","63.000000",227341,102895,124446,199324,87019,112305,28017,15876,12141
"BIHAR","64.000000",265011,136696,128315,233287,119101,114186,31724,17595,14129
"BIHAR","65.000000",1189694,634337,555357,1072890,575427,497463,116804,58910,57894
"BIHAR","66.000000",354977,194151,160826,316523,172852,143671,38454,21299,17155
"BIHAR","67.000000",140310,74574,65736,122568,63867,58701,17742,10707,7035
"BIHAR","68.000000",226793,102737,124056,201804,88941,112863,24989,13796,11193
"BIHAR","69.000000",178005,97919,80086,156855,85483,71372,21150,12436,8714
"BIHAR","70.000000",904618,516432,388186,816454,469063,347391,88164,47369,40795
"BIHAR","71.000000",221433,127664,93769,196526,113271,83255,24907,14393,10514
"BIHAR","72.000000",121252,68227,53025,105705,58614,47091,15547,9613,5934
"BIHAR","73.000000",59418,31510,27908,50770,25926,24844,8648,5584,3064
"BIHAR","74.000000",72810,40550,32260,62373,34277,28096,10437,6273,4164
"BIHAR","75.000000",321483,174520,146963,288161,157502,130659,33322,17018,16304
"BIHAR","76.000000",97868,54839,43029,85449,47702,37747,12419,7137,5282
"BIHAR","77.000000",36748,20829,15919,31100,17173,13927,5648,3656,1992
"BIHAR","78.000000",48900,23505,25395,42458,19724,22734,6442,3781,2661
"BIHAR","79.000000",45480,24280,21200,39726,21060,18666,5754,3220,2534
"BIHAR","80.000000",248903,132872,116031,223944,120694,103250,24959,12178,12781
"BIHAR","81.000000",61061,33001,28060,54183,29402,24781,6878,3599,3279
"BIHAR","82.000000",26932,14698,12234,23102,12476,10626,3830,2222,1608
"BIHAR","83.000000",13830,7310,6520,11726,6067,5659,2104,1243,861
"BIHAR","84.000000",18328,10116,8212,15661,8607,7054,2667,1509,1158
"BIHAR","85.000000",74423,39811,34612,65485,35302,30183,8938,4509,4429
"BIHAR","86.000000",22914,12576,10338,19809,10894,8915,3105,1682,1423
"BIHAR","87.000000",8644,4791,3853,7246,3961,3285,1398,830,568
"BIHAR","88.000000",12139,6172,5967,10447,5248,5199,1692,924,768
"BIHAR","89.000000",11388,5908,5480,9984,5166,4818,1404,742,662
"BIHAR","90.000000",54583,28102,26481,48544,25288,23256,6039,2814,3225
"BIHAR","91.000000",15951,8327,7624,14052,7436,6616,1899,891,1008
"BIHAR","92.000000",10555,5436,5119,9356,4792,4564,1199,644,555
"BIHAR","93.000000",6129,3043,3086,5329,2595,2734,800,448,352
"BIHAR","94.000000",7550,3945,3605,6662,3481,3181,888,464,424
"BIHAR","95.000000",21564,11690,9874,19274,10558,8716,2290,1132,1158
"BIHAR","96.000000",8771,4839,3932,7714,4285,3429,1057,554,503
"BIHAR","97.000000",4588,2309,2279,4016,2036,1980,572,273,299
"BIHAR","98.000000",7828,3821,4007,6966,3352,3614,862,469,393
"BIHAR","99.000000",4624,2337,2287,4140,2070,2070,484,267,217
"BIHAR","100+",38643,19490,19153,33747,17145,16602,4896,2345,2551
"BIHAR","Age not stated",403502,220309,183193,349025,190547,158478,54477,29762,24715
"CHANDIGARH","All ages",1055450,580663,474787,28991,17150,11841,1026459,563513,462946
"CHANDIGARH","0.000000",15732,8283,7449,547,289,258,15185,7994,7191
"CHANDIGARH","1.000000",15745,8325,7420,620,318,302,15125,8007,7118
"CHANDIGARH","2.000000",16374,8649,7725,624,336,288,15750,8313,7437
"CHANDIGARH","3.000000",16938,8951,7987,648,334,314,16290,8617,7673
"CHANDIGARH","4.000000",17065,9139,7926,582,334,248,16483,8805,7678
"CHANDIGARH","5.000000",19164,10292,8872,620,336,284,18544,9956,8588
"CHANDIGARH","6.000000",18416,9897,8519,629,335,294,17787,9562,8225
"CHANDIGARH","7.000000",18624,9987,8637,596,332,264,18028,9655,8373
"CHANDIGARH","8.000000",17271,9413,7858,555,298,257,16716,9115,7601
"CHANDIGARH","9.000000",17719,9666,8053,521,271,250,17198,9395,7803
"CHANDIGARH","10.000000",20360,11410,8950,615,350,265,19745,11060,8685
"CHANDIGARH","11.000000",18296,10180,8116,547,302,245,17749,9878,7871
"CHANDIGARH","12.000000",18673,10461,8212,499,299,200,18174,10162,8012
"CHANDIGARH","13.000000",17752,9846,7906,427,232,195,17325,9614,7711
"CHANDIGARH","14.000000",18383,10243,8140,449,238,211,17934,10005,7929
"CHANDIGARH","15.000000",18938,10603,8335,512,302,210,18426,10301,8125
"CHANDIGARH","16.000000",19554,11116,8438,505,324,181,19049,10792,8257
"CHANDIGARH","17.000000",19116,11139,7977,461,284,177,18655,10855,7800
"CHANDIGARH","18.000000",24660,14792,9868,691,486,205,23969,14306,9663
"CHANDIGARH","19.000000",22150,12871,9279,596,391,205,21554,12480,9074
"CHANDIGARH","20.000000",26129,14939,11190,757,497,260,25372,14442,10930
"CHANDIGARH","21.000000",23595,13333,10262,594,389,205,23001,12944,10057
"CHANDIGARH","22.000000",25251,14452,10799,765,484,281,24486,13968,10518
"CHANDIGARH","23.000000",23272,12874,10398,733,445,288,22539,12429,10110
"CHANDIGARH","24.000000",22997,12869,10128,744,440,304,22253,12429,9824
"CHANDIGARH","25.000000",26360,14979,11381,951,595,356,25409,14384,11025
"CHANDIGARH","26.000000",24134,13207,10927,798,459,339,23336,12748,10588
"CHANDIGARH","27.000000",20001,11085,8916,714,420,294,19287,10665,8622
"CHANDIGARH","28.000000",22493,12102,10391,813,466,347,21680,11636,10044
"CHANDIGARH","29.000000",17249,9321,7928,530,320,210,16719,9001,7718
"CHANDIGARH","30.000000",25422,14097,11325,1014,608,406,24408,13489,10919
"CHANDIGARH","31.000000",17414,9597,7817,558,339,219,16856,9258,7598
"CHANDIGARH","32.000000",18189,9950,8239,639,417,222,17550,9533,8017
"CHANDIGARH","33.000000",14619,7808,6811,450,271,179,14169,7537,6632
"CHANDIGARH","34.000000",15159,8173,6986,440,267,173,14719,7906,6813
"CHANDIGARH","35.000000",23360,13175,10185,758,489,269,22602,12686,9916
"CHANDIGARH","36.000000",17968,9818,8150,505,307,198,17463,9511,7952
"CHANDIGARH","37.000000",13544,7293,6251,370,242,128,13174,7051,6123
"CHANDIGARH","38.000000",16245,8545,7700,400,245,155,15845,8300,7545
"CHANDIGARH","39.000000",12555,6735,5820,288,172,116,12267,6563,5704
"CHANDIGARH","40.000000",20723,11551,9172,595,365,230,20128,11186,8942
"CHANDIGARH","41.000000",13938,7664,6274,272,170,102,13666,7494,6172
"CHANDIGARH","42.000000",13534,7194,6340,298,181,117,13236,7013,6223
"CHANDIGARH","43.000000",10815,5598,5217,223,134,89,10592,5464,5128
"CHANDIGARH","44.000000",9911,5261,4650,159,97,62,9752,5164,4588
"CHANDIGARH","45.000000",18245,10196,8049,390,239,151,17855,9957,7898
"CHANDIGARH","46.000000",12997,7090,5907,212,139,73,12785,6951,5834
"CHANDIGARH","47.000000",9598,5140,4458,134,85,49,9464,5055,4409
"CHANDIGARH","48.000000",11178,5854,5324,202,113,89,10976,5741,5235
"CHANDIGARH","49.000000",8334,4613,3721,111,62,49,8223,4551,3672
"CHANDIGARH","50.000000",14277,7883,6394,307,172,135,13970,7711,6259
"CHANDIGARH","51.000000",9710,5458,4252,131,80,51,9579,5378,4201
"CHANDIGARH","52.000000",8511,4796,3715,117,73,44,8394,4723,3671
"CHANDIGARH","53.000000",7249,4012,3237,81,40,41,7168,3972,3196
"CHANDIGARH","54.000000",7195,3959,3236,87,50,37,7108,3909,3199
"CHANDIGARH","55.000000",10404,5813,4591,165,87,78,10239,5726,4513
"CHANDIGARH","56.000000",8305,4782,3523,130,76,54,8175,4706,3469
"CHANDIGARH","57.000000",5615,3317,2298,56,31,25,5559,3286,2273
"CHANDIGARH","58.000000",6109,3329,2780,100,49,51,6009,3280,2729
"CHANDIGARH","59.000000",4492,2504,1988,52,29,23,4440,2475,1965
"CHANDIGARH","60.000000",8499,4361,4138,187,102,85,8312,4259,4053
"CHANDIGARH","61.000000",5344,2784,2560,97,54,43,5247,2730,2517
"CHANDIGARH","62.000000",4333,2344,1989,97,58,39,4236,2286,1950
"CHANDIGARH","63.000000",4262,2222,2040,63,35,28,4199,2187,2012
"CHANDIGARH","64.000000",3363,1819,1544,37,28,9,3326,1791,1535
"CHANDIGARH","65.000000",5276,2606,2670,105,52,53,5171,2554,2617
"CHANDIGARH","66.000000",3538,1854,1684,63,37,26,3475,1817,1658
"CHANDIGARH","67.000000",2319,1284,1035,32,22,10,2287,1262,1025
"CHANDIGARH","68.000000",2624,1363,1261,40,21,19,2584,1342,1242
"CHANDIGARH","69.000000",2082,1143,939,15,8,7,2067,1135,932
"CHANDIGARH","70.000000",4046,2039,2007,87,43,44,3959,1996,1963
"CHANDIGARH","71.000000",2531,1330,1201,43,25,18,2488,1305,1183
"CHANDIGARH","72.000000",1848,989,859,20,10,10,1828,979,849
"CHANDIGARH","73.000000",1475,812,663,19,13,6,1456,799,657
"CHANDIGARH","74.000000",1485,828,657,12,5,7,1473,823,650
"CHANDIGARH","75.000000",2201,1047,1154,37,20,17,2164,1027,1137
"CHANDIGARH","76.000000",1382,720,662,17,10,7,1365,710,655
"CHANDIGARH","77.000000",1039,547,492,9,6,3,1030,541,489
"CHANDIGARH","78.000000",983,507,476,8,5,3,975,502,473
"CHANDIGARH","79.000000",817,434,383,4,2,2,813,432,381
"CHANDIGARH","80.000000",1638,753,885,26,18,8,1612,735,877
"CHANDIGARH","81.000000",910,437,473,16,8,8,894,429,465
"CHANDIGARH","82.000000",677,360,317,4,2,2,673,358,315
"CHANDIGARH","83.000000",486,274,212,8,5,3,478,269,209
"CHANDIGARH","84.000000",496,288,208,2,1,1,494,287,207
"CHANDIGARH","85.000000",731,330,401,13,2,11,718,328,390
"CHANDIGARH","86.000000",473,225,248,5,3,2,468,222,246
"CHANDIGARH","87.000000",266,162,104,2,2,0,264,160,104
"CHANDIGARH","88.000000",236,144,92,1,0,1,235,144,91
"CHANDIGARH","89.000000",203,109,94,2,1,1,201,108,93
"CHANDIGARH","90.000000",369,171,198,4,4,0,365,167,198
"CHANDIGARH","91.000000",220,103,117,2,1,1,218,102,116
"CHANDIGARH","92.000000",129,62,67,2,1,1,127,61,66
"CHANDIGARH","93.000000",82,46,36,0,0,0,82,46,36
"CHANDIGARH","94.000000",84,41,43,1,0,1,83,41,42
"CHANDIGARH","95.000000",108,41,67,1,0,1,107,41,66
"CHANDIGARH","96.000000",101,52,49,4,1,3,97,51,46
"CHANDIGARH","97.000000",52,22,30,1,1,0,51,21,30
"CHANDIGARH","98.000000",73,41,32,1,0,1,72,41,31
"CHANDIGARH","99.000000",44,21,23,4,1,3,40,20,20
"CHANDIGARH","100+",253,118,135,7,4,3,246,114,132
"CHANDIGARH","Age not stated",346,201,145,6,4,2,340,197,143
"CHHATTISGARH","All ages",20833803,10474218,10359585,16648056,8307443,8340613,4185747,2166775,2018972
"CHHATTISGARH","0.000000",404135,206179,197956,340391,173293,167098,63744,32886,30858
"CHHATTISGARH","1.000000",436171,222782,213389,363297,184998,178299,72874,37784,35090
"CHHATTISGARH","2.000000",507901,258076,249825,420962,212952,208010,86939,45124,41815
"CHHATTISGARH","3.000000",587097,289908,297189,488705,240306,248399,98392,49602,48790
"CHHATTISGARH","4.000000",517650,264691,252959,429400,218761,210639,88250,45930,42320
"CHHATTISGARH","5.000000",560406,287043,273363,465621,237219,228402,94785,49824,44961
"CHHATTISGARH","6.000000",541556,271734,269822,455604,227971,227633,85952,43763,42189
"CHHATTISGARH","7.000000",459063,231150,227913,370190,185883,184307,88873,45267,43606
"CHHATTISGARH","8.000000",573730,291950,281780,468401,237394,231007,105329,54556,50773
"CHHATTISGARH","9.000000",499608,249131,250477,416399,207376,209023,83209,41755,41454
"CHHATTISGARH","10.000000",669385,342573,326812,547488,279580,267908,121897,62993,58904
"CHHATTISGARH","11.000000",437320,226375,210945,351033,181889,169144,86287,44486,41801
"CHHATTISGARH","12.000000",601060,308571,292489,487123,249650,237473,113937,58921,55016
"CHHATTISGARH","13.000000",438366,220748,217618,349387,176487,172900,88979,44261,44718
"CHHATTISGARH","14.000000",459206,234670,224536,365452,186999,178453,93754,47671,46083
"CHHATTISGARH","15.000000",455373,239101,216272,360928,189505,171423,94445,49596,44849
"CHHATTISGARH","16.000000",438713,222878,215835,342437,173747,168690,96276,49131,47145
"CHHATTISGARH","17.000000",303652,161405,142247,226782,120483,106299,76870,40922,35948
"CHHATTISGARH","18.000000",484503,258364,226139,373129,197605,175524,111374,60759,50615
"CHHATTISGARH","19.000000",249483,126693,122790,184139,92018,92121,65344,34675,30669
"CHHATTISGARH","20.000000",469735,228145,241590,358815,172033,186782,110920,56112,54808
"CHHATTISGARH","21.000000",234547,126143,108404,171902,91052,80850,62645,35091,27554
"CHHATTISGARH","22.000000",397843,203054,194789,304213,153901,150312,93630,49153,44477
"CHHATTISGARH","23.000000",276512,127532,148980,211722,94029,117693,64790,33503,31287
"CHHATTISGARH","24.000000",292851,142902,149949,221888,105447,116441,70963,37455,33508
"CHHATTISGARH","25.000000",509085,263388,245697,393658,206574,187084,115427,56814,58613
"CHHATTISGARH","26.000000",308032,156099,151933,236559,119184,117375,71473,36915,34558
"CHHATTISGARH","27.000000",242462,125107,117355,185418,95364,90054,57044,29743,27301
"CHHATTISGARH","28.000000",436123,199924,236199,342791,154175,188616,93332,45749,47583
"CHHATTISGARH","29.000000",141248,70291,70957,106847,52226,54621,34401,18065,16336
"CHHATTISGARH","30.000000",644060,330516,313544,496216,256394,239822,147844,74122,73722
"CHHATTISGARH","31.000000",121812,63973,57839,92602,47328,45274,29210,16645,12565
"CHHATTISGARH","32.000000",373731,184204,189527,292317,141762,150555,81414,42442,38972
"CHHATTISGARH","33.000000",214920,91823,123097,173598,71198,102400,41322,20625,20697
"CHHATTISGARH","34.000000",187757,85205,102552,149515,65774,83741,38242,19431,18811
"CHHATTISGARH","35.000000",575388,320872,254516,436412,247798,188614,138976,73074,65902
"CHHATTISGARH","36.000000",253204,127698,125506,200137,100682,99455,53067,27016,26051
"CHHATTISGARH","37.000000",147344,73044,74300,115643,56618,59025,31701,16426,15275
"CHHATTISGARH","38.000000",343431,155096,188335,276500,122455,154045,66931,32641,34290
"CHHATTISGARH","39.000000",105475,52990,52485,82179,40509,41670,23296,12481,10815
"CHHATTISGARH","40.000000",555465,304589,250876,425409,234587,190822,130056,70002,60054
"CHHATTISGARH","41.000000",81611,44811,36800,63101,33859,29242,18510,10952,7558
"CHHATTISGARH","42.000000",226365,116690,109675,177966,89721,88245,48399,26969,21430
"CHHATTISGARH","43.000000",135193,53823,81370,109749,40994,68755,25444,12829,12615
"CHHATTISGARH","44.000000",97511,45278,52233,76654,33991,42663,20857,11287,9570
"CHHATTISGARH","45.000000",447553,247142,200411,343780,191797,151983,103773,55345,48428
"CHHATTISGARH","46.000000",129876,64754,65122,103629,50527,53102,26247,14227,12020
"CHHATTISGARH","47.000000",94282,46025,48257,74816,35270,39546,19466,10755,8711
"CHHATTISGARH","48.000000",214285,94898,119387,175294,74886,100408,38991,20012,18979
"CHHATTISGARH","49.000000",60013,29818,30195,47238,22461,24777,12775,7357,5418
"CHHATTISGARH","50.000000",406715,216967,189748,323226,173358,149868,83489,43609,39880
"CHHATTISGARH","51.000000",56356,31135,25221,44407,23521,20886,11949,7614,4335
"CHHATTISGARH","52.000000",139404,72363,67041,113110,56967,56143,26294,15396,10898
"CHHATTISGARH","53.000000",81699,33434,48265,67840,25736,42104,13859,7698,6161
"CHHATTISGARH","54.000000",64384,30547,33837,51595,23260,28335,12789,7287,5502
"CHHATTISGARH","55.000000",306078,156710,149368,247679,128861,118818,58399,27849,30550
"CHHATTISGARH","56.000000",83651,41482,42169,69200,33449,35751,14451,8033,6418
"CHHATTISGARH","57.000000",54595,25444,29151,44860,19714,25146,9735,5730,4005
"CHHATTISGARH","58.000000",130255,52477,77778,110523,42171,68352,19732,10306,9426
"CHHATTISGARH","59.000000",36109,18376,17733,28419,13189,15230,7690,5187,2503
"CHHATTISGARH","60.000000",355879,168447,187432,296302,142000,154302,59577,26447,33130
"CHHATTISGARH","61.000000",35877,18535,17342,29529,14635,14894,6348,3900,2448
"CHHATTISGARH","62.000000",94358,43509,50849,80482,36093,44389,13876,7416,6460
"CHHATTISGARH","63.000000",51285,18665,32620,44021,14669,29352,7264,3996,3268
"CHHATTISGARH","64.000000",31527,14793,16734,25864,11416,14448,5663,3377,2286
"CHHATTISGARH","65.000000",263641,122561,141080,221345,103831,117514,42296,18730,23566
"CHHATTISGARH","66.000000",36509,17459,19050,30444,14075,16369,6065,3384,2681
"CHHATTISGARH","67.000000",28900,13260,15640,24000,10412,13588,4900,2848,2052
"CHHATTISGARH","68.000000",57245,21028,36217,49436,17155,32281,7809,3873,3936
"CHHATTISGARH","69.000000",15797,7003,8794,13185,5412,7773,2612,1591,1021
"CHHATTISGARH","70.000000",202414,93976,108438,173175,80838,92337,29239,13138,16101
"CHHATTISGARH","71.000000",13660,6952,6708,11471,5567,5904,2189,1385,804
"CHHATTISGARH","72.000000",34526,15928,18598,29514,13205,16309,5012,2723,2289
"CHHATTISGARH","73.000000",15326,5884,9442,13126,4632,8494,2200,1252,948
"CHHATTISGARH","74.000000",9415,4463,4952,7702,3437,4265,1713,1026,687
"CHHATTISGARH","75.000000",84838,38776,46062,73050,33540,39510,11788,5236,6552
"CHHATTISGARH","76.000000",11972,5550,6422,10069,4474,5595,1903,1076,827
"CHHATTISGARH","77.000000",6872,3132,3740,5769,2493,3276,1103,639,464
"CHHATTISGARH","78.000000",14721,5630,9091,12665,4575,8090,2056,1055,1001
"CHHATTISGARH","79.000000",4316,1926,2390,3628,1524,2104,688,402,286
"CHHATTISGARH","80.000000",62209,28493,33716,54231,25141,29090,7978,3352,4626
"CHHATTISGARH","81.000000",4264,2219,2045,3647,1838,1809,617,381,236
"CHHATTISGARH","82.000000",7768,3662,4106,6634,3090,3544,1134,572,562
"CHHATTISGARH","83.000000",3453,1387,2066,2928,1077,1851,525,310,215
"CHHATTISGARH","84.000000",2128,1057,1071,1699,803,896,429,254,175
"CHHATTISGARH","85.000000",19415,8827,10588,16470,7632,8838,2945,1195,1750
"CHHATTISGARH","86.000000",2590,1238,1352,2116,994,1122,474,244,230
"CHHATTISGARH","87.000000",1940,908,1032,1601,733,868,339,175,164
"CHHATTISGARH","88.000000",2647,1120,1527,2266,923,1343,381,197,184
"CHHATTISGARH","89.000000",1185,557,628,983,450,533,202,107,95
"CHHATTISGARH","90.000000",12961,5901,7060,11130,5190,5940,1831,711,1120
"CHHATTISGARH","91.000000",995,521,474,816,431,385,179,90,89
"CHHATTISGARH","92.000000",1570,754,816,1285,618,667,285,136,149
"CHHATTISGARH","93.000000",836,365,471,660,279,381,176,86,90
"CHHATTISGARH","94.000000",624,289,335,502,228,274,122,61,61
"CHHATTISGARH","95.000000",4256,2005,2251,3554,1689,1865,702,316,386
"CHHATTISGARH","96.000000",865,430,435,696,346,350,169,84,85
"CHHATTISGARH","97.000000",628,294,334,495,224,271,133,70,63
"CHHATTISGARH","98.000000",1502,697,805,1250,569,681,252,128,124
"CHHATTISGARH","99.000000",1028,530,498,869,453,416,159,77,82
"CHHATTISGARH","100+",2441,954,1487,2069,838,1231,372,116,256
"CHHATTISGARH","Age not stated",28082,15742,12340,23083,12976,10107,4999,2766,2233
"DADRA & NAGAR HAVELI","All ages",343709,193760,149949,183114,98305,84809,160595,95455,65140
"DADRA & NAGAR HAVELI","0.000000",6194,3181,3013,3461,1723,1738,2733,1458,1275
"DADRA & NAGAR HAVELI","1.000000",7446,3881,3565,4239,2169,2070,3207,1712,1495
"DADRA & NAGAR HAVELI","2.000000",7709,3994,3715,4282,2158,2124,3427,1836,1591
"DADRA & NAGAR HAVELI","3.000000",7598,3935,3663,4229,2160,2069,3369,1775,1594
"DADRA & NAGAR HAVELI","4.000000",7614,3911,3703,4390,2200,2190,3224,1711,1513
"DADRA & NAGAR HAVELI","5.000000",7427,3877,3550,4065,2084,1981,3362,1793,1569
"DADRA & NAGAR HAVELI","6.000000",6907,3652,3255,3838,1973,1865,3069,1679,1390
"DADRA & NAGAR HAVELI","7.000000",7493,3977,3516,4290,2227,2063,3203,1750,1453
"DADRA & NAGAR HAVELI","8.000000",7482,3905,3577,4605,2371,2234,2877,1534,1343
"DADRA & NAGAR HAVELI","9.000000",6940,3648,3292,4242,2139,2103,2698,1509,1189
"DADRA & NAGAR HAVELI","10.000000",7835,4051,3784,4945,2539,2406,2890,1512,1378
"DADRA & NAGAR HAVELI","11.000000",7397,3895,3502,4789,2486,2303,2608,1409,1199
"DADRA & NAGAR HAVELI","12.000000",6853,3559,3294,4381,2226,2155,2472,1333,1139
"DADRA & NAGAR HAVELI","13.000000",6728,3573,3155,4358,2266,2092,2370,1307,1063
"DADRA & NAGAR HAVELI","14.000000",6190,3307,2883,3879,2047,1832,2311,1260,1051
"DADRA & NAGAR HAVELI","15.000000",6048,3280,2768,3786,1993,1793,2262,1287,975
"DADRA & NAGAR HAVELI","16.000000",5665,3087,2578,3517,1840,1677,2148,1247,901
"DADRA & NAGAR HAVELI","17.000000",5682,3386,2296,3287,1882,1405,2395,1504,891
"DADRA & NAGAR HAVELI","18.000000",8075,5218,2857,4404,2609,1795,3671,2609,1062
"DADRA & NAGAR HAVELI","19.000000",7634,5008,2626,4019,2451,1568,3615,2557,1058
"DADRA & NAGAR HAVELI","20.000000",9911,6247,3664,5101,3011,2090,4810,3236,1574
"DADRA & NAGAR HAVELI","21.000000",8276,5242,3034,4168,2519,1649,4108,2723,1385
"DADRA & NAGAR HAVELI","22.000000",9656,6102,3554,4718,2875,1843,4938,3227,1711
"DADRA & NAGAR HAVELI","23.000000",7785,4747,3038,3807,2218,1589,3978,2529,1449
"DADRA & NAGAR HAVELI","24.000000",8673,5257,3416,4138,2443,1695,4535,2814,1721
"DADRA & NAGAR HAVELI","25.000000",10524,6278,4246,4748,2801,1947,5776,3477,2299
"DADRA & NAGAR HAVELI","26.000000",8398,4949,3449,3812,2249,1563,4586,2700,1886
"DADRA & NAGAR HAVELI","27.000000",7002,4177,2825,3085,1814,1271,3917,2363,1554
"DADRA & NAGAR HAVELI","28.000000",7913,4556,3357,3535,1990,1545,4378,2566,1812
"DADRA & NAGAR HAVELI","29.000000",6048,3536,2512,2477,1401,1076,3571,2135,1436
"DADRA & NAGAR HAVELI","30.000000",9354,5633,3721,3923,2310,1613,5431,3323,2108
"DADRA & NAGAR HAVELI","31.000000",5670,3350,2320,2442,1374,1068,3228,1976,1252
"DADRA & NAGAR HAVELI","32.000000",5845,3449,2396,2468,1406,1062,3377,2043,1334
"DADRA & NAGAR HAVELI","33.000000",4660,2577,2083,2152,1100,1052,2508,1477,1031
"DADRA & NAGAR HAVELI","34.000000",5112,2948,2164,2115,1132,983,2997,1816,1181
"DADRA & NAGAR HAVELI","35.000000",7761,4698,3063,3336,1926,1410,4425,2772,1653
"DADRA & NAGAR HAVELI","36.000000",4862,2886,1976,2109,1154,955,2753,1732,1021
"DADRA & NAGAR HAVELI","37.000000",4140,2392,1748,1898,999,899,2242,1393,849
"DADRA & NAGAR HAVELI","38.000000",4853,2724,2129,2422,1240,1182,2431,1484,947
"DADRA & NAGAR HAVELI","39.000000",3661,2162,1499,1673,890,783,1988,1272,716
"DADRA & NAGAR HAVELI","40.000000",6128,3699,2429,3055,1754,1301,3073,1945,1128
"DADRA & NAGAR HAVELI","41.000000",3339,1949,1390,1663,847,816,1676,1102,574
"DADRA & NAGAR HAVELI","42.000000",3335,1923,1412,1751,904,847,1584,1019,565
"DADRA & NAGAR HAVELI","43.000000",2829,1509,1320,1579,737,842,1250,772,478
"DADRA & NAGAR HAVELI","44.000000",2550,1474,1076,1305,696,609,1245,778,467
"DADRA & NAGAR HAVELI","45.000000",4561,2636,1925,2492,1365,1127,2069,1271,798
"DADRA & NAGAR HAVELI","46.000000",2586,1409,1177,1405,707,698,1181,702,479
"DADRA & NAGAR HAVELI","47.000000",2029,1078,951,1139,551,588,890,527,363
"DADRA & NAGAR HAVELI","48.000000",2635,1460,1175,1641,837,804,994,623,371
"DADRA & NAGAR HAVELI","49.000000",1978,1088,890,1154,599,555,824,489,335
"DADRA & NAGAR HAVELI","50.000000",3429,1951,1478,2061,1125,936,1368,826,542
"DADRA & NAGAR HAVELI","51.000000",1788,1010,778,1120,591,529,668,419,249
"DADRA & NAGAR HAVELI","52.000000",1630,877,753,999,522,477,631,355,276
"DADRA & NAGAR HAVELI","53.000000",1307,656,651,815,395,420,492,261,231
"DADRA & NAGAR HAVELI","54.000000",1349,721,628,733,381,352,616,340,276
"DADRA & NAGAR HAVELI","55.000000",2357,1262,1095,1409,766,643,948,496,452
"DADRA & NAGAR HAVELI","56.000000",1288,655,633,761,366,395,527,289,238
"DADRA & NAGAR HAVELI","57.000000",915,463,452,541,260,281,374,203,171
"DADRA & NAGAR HAVELI","58.000000",1354,641,713,894,381,513,460,260,200
"DADRA & NAGAR HAVELI","59.000000",1037,505,532,606,263,343,431,242,189
"DADRA & NAGAR HAVELI","60.000000",2298,1074,1224,1486,679,807,812,395,417
"DADRA & NAGAR HAVELI","61.000000",1071,542,529,683,319,364,388,223,165
"DADRA & NAGAR HAVELI","62.000000",986,479,507,630,288,342,356,191,165
"DADRA & NAGAR HAVELI","63.000000",773,350,423,503,215,288,270,135,135
"DADRA & NAGAR HAVELI","64.000000",703,349,354,414,189,225,289,160,129
"DADRA & NAGAR HAVELI","65.000000",1616,777,839,1026,484,542,590,293,297
"DADRA & NAGAR HAVELI","66.000000",694,331,363,426,198,228,268,133,135
"DADRA & NAGAR HAVELI","67.000000",420,199,221,268,118,150,152,81,71
"DADRA & NAGAR HAVELI","68.000000",546,232,314,363,143,220,183,89,94
"DADRA & NAGAR HAVELI","69.000000",440,216,224,278,124,154,162,92,70
"DADRA & NAGAR HAVELI","70.000000",1147,485,662,747,300,447,400,185,215
"DADRA & NAGAR HAVELI","71.000000",466,206,260,310,129,181,156,77,79
"DADRA & NAGAR HAVELI","72.000000",292,113,179,181,71,110,111,42,69
"DADRA & NAGAR HAVELI","73.000000",228,93,135,152,51,101,76,42,34
"DADRA & NAGAR HAVELI","74.000000",176,76,100,95,36,59,81,40,41
"DADRA & NAGAR HAVELI","75.000000",435,186,249,262,107,155,173,79,94
"DADRA & NAGAR HAVELI","76.000000",179,68,111,114,35,79,65,33,32
"DADRA & NAGAR HAVELI","77.000000",113,50,63,61,25,36,52,25,27
"DADRA & NAGAR HAVELI","78.000000",111,43,68,64,23,41,47,20,27
"DADRA & NAGAR HAVELI","79.000000",120,47,73,58,18,40,62,29,33
"DADRA & NAGAR HAVELI","80.000000",277,96,181,156,56,100,121,40,81
"DADRA & NAGAR HAVELI","81.000000",100,33,67,56,17,39,44,16,28
"DADRA & NAGAR HAVELI","82.000000",79,39,40,40,18,22,39,21,18
"DADRA & NAGAR HAVELI","83.000000",53,18,35,26,6,20,27,12,15
"DADRA & NAGAR HAVELI","84.000000",37,17,20,17,7,10,20,10,10
"DADRA & NAGAR HAVELI","85.000000",106,41,65,51,16,35,55,25,30
"DADRA & NAGAR HAVELI","86.000000",58,25,33,25,11,14,33,14,19
"DADRA & NAGAR HAVELI","87.000000",19,10,9,6,4,2,13,6,7
"DADRA & NAGAR HAVELI","88.000000",27,20,7,8,7,1,19,13,6
"DADRA & NAGAR HAVELI","89.000000",27,9,18,14,5,9,13,4,9
"DADRA & NAGAR HAVELI","90.000000",64,27,37,23,7,16,41,20,21
"DADRA & NAGAR HAVELI","91.000000",19,12,7,8,5,3,11,7,4
"DADRA & NAGAR HAVELI","92.000000",25,16,9,8,6,2,17,10,7
"DADRA & NAGAR HAVELI","93.000000",15,8,7,8,4,4,7,4,3
"DADRA & NAGAR HAVELI","94.000000",17,7,10,5,1,4,12,6,6
"DADRA & NAGAR HAVELI","95.000000",25,8,17,14,4,10,11,4,7
"DADRA & NAGAR HAVELI","96.000000",20,9,11,10,4,6,10,5,5
"DADRA & NAGAR HAVELI","97.000000",20,11,9,6,5,1,14,6,8
"DADRA & NAGAR HAVELI","98.000000",15,8,7,5,3,2,10,5,5
"DADRA & NAGAR HAVELI","99.000000",6,0,6,4,0,4,2,0,2
"DADRA & NAGAR HAVELI","100+",69,29,40,27,12,15,42,17,25
"DADRA & NAGAR HAVELI","Age not stated",372,200,172,220,113,107,152,87,65
"DAMAN & DIU","All ages",243247,150301,92946,60396,32395,28001,182851,117906,64945
"DAMAN & DIU","0.000000",3183,1675,1508,878,444,434,2305,1231,1074
"DAMAN & DIU","1.000000",3859,1977,1882,1043,550,493,2816,1427,1389
"DAMAN & DIU","2.000000",4044,2111,1933,1079,565,514,2965,1546,1419
"DAMAN & DIU","3.000000",4089,2115,1974,1056,535,521,3033,1580,1453
"DAMAN & DIU","4.000000",3983,2142,1841,1118,598,520,2865,1544,1321
"DAMAN & DIU","5.000000",3990,2145,1845,1107,596,511,2883,1549,1334
"DAMAN & DIU","6.000000",3786,1979,1807,1157,561,596,2629,1418,1211
"DAMAN & DIU","7.000000",3770,1998,1772,1176,622,554,2594,1376,1218
"DAMAN & DIU","8.000000",3648,1934,1714,1194,620,574,2454,1314,1140
"DAMAN & DIU","9.000000",3312,1772,1540,1133,583,550,2179,1189,990
"DAMAN & DIU","10.000000",3732,1982,1750,1321,668,653,2411,1314,1097
"DAMAN & DIU","11.000000",3597,1940,1657,1330,722,608,2267,1218,1049
"DAMAN & DIU","12.000000",3378,1818,1560,1265,674,591,2113,1144,969
"DAMAN & DIU","13.000000",3289,1747,1542,1231,620,611,2058,1127,931
"DAMAN & DIU","14.000000",3325,1813,1512,1188,618,570,2137,1195,942
"DAMAN & DIU","15.000000",3550,2068,1482,1222,660,562,2328,1408,920
"DAMAN & DIU","16.000000",3876,2421,1455,1214,677,537,2662,1744,918
"DAMAN & DIU","17.000000",4511,3048,1463,1293,704,589,3218,2344,874
"DAMAN & DIU","18.000000",7599,5777,1822,1484,908,576,6115,4869,1246
"DAMAN & DIU","19.000000",6778,4925,1853,1442,817,625,5336,4108,1228
"DAMAN & DIU","20.000000",9389,7064,2325,1671,995,676,7718,6069,1649
"DAMAN & DIU","21.000000",6868,4955,1913,1351,792,559,5517,4163,1354
"DAMAN & DIU","22.000000",8639,6378,2261,1496,884,612,7143,5494,1649
"DAMAN & DIU","23.000000",6690,4711,1979,1198,699,499,5492,4012,1480
"DAMAN & DIU","24.000000",6998,4817,2181,1308,747,561,5690,4070,1620
"DAMAN & DIU","25.000000",9382,6452,2930,1510,868,642,7872,5584,2288
"DAMAN & DIU","26.000000",6837,4625,2212,1264,709,555,5573,3916,1657
"DAMAN & DIU","27.000000",5519,3637,1882,1083,614,469,4436,3023,1413
"DAMAN & DIU","28.000000",6677,4376,2301,1215,678,537,5462,3698,1764
"DAMAN & DIU","29.000000",4766,2954,1812,1053,547,506,3713,2407,1306
"DAMAN & DIU","30.000000",8048,5475,2573,1367,792,575,6681,4683,1998
"DAMAN & DIU","31.000000",4042,2485,1557,982,531,451,3060,1954,1106
"DAMAN & DIU","32.000000",4757,3033,1724,954,530,424,3803,2503,1300
"DAMAN & DIU","33.000000",3367,1994,1373,823,429,394,2544,1565,979
"DAMAN & DIU","34.000000",3817,2327,1490,951,541,410,2866,1786,1080
"DAMAN & DIU","35.000000",6491,4352,2139,1229,700,529,5262,3652,1610
"DAMAN & DIU","36.000000",3845,2377,1468,954,504,450,2891,1873,1018
"DAMAN & DIU","37.000000",2922,1731,1191,768,404,364,2154,1327,827
"DAMAN & DIU","38.000000",3458,2083,1375,883,479,404,2575,1604,971
"DAMAN & DIU","39.000000",2834,1712,1122,847,514,333,1987,1198,789
"DAMAN & DIU","40.000000",4779,3126,1653,1018,578,440,3761,2548,1213
"DAMAN & DIU","41.000000",2437,1498,939,647,372,275,1790,1126,664
"DAMAN & DIU","42.000000",2529,1515,1014,669,352,317,1860,1163,697
"DAMAN & DIU","43.000000",1975,1125,850,590,301,289,1385,824,561
"DAMAN & DIU","44.000000",1881,1120,761,565,302,263,1316,818,498
"DAMAN & DIU","45.000000",3153,1981,1172,731,400,331,2422,1581,841
"DAMAN & DIU","46.000000",1816,1065,751,571,317,254,1245,748,497
"DAMAN & DIU","47.000000",1562,857,705,493,248,245,1069,609,460
"DAMAN & DIU","48.000000",1617,934,683,505,271,234,1112,663,449
"DAMAN & DIU","49.000000",1470,812,658,466,260,206,1004,552,452
"DAMAN & DIU","50.000000",2255,1317,938,636,321,315,1619,996,623
"DAMAN & DIU","51.000000",1208,657,551,396,193,203,812,464,348
"DAMAN & DIU","52.000000",1146,621,525,360,185,175,786,436,350
"DAMAN & DIU","53.000000",968,513,455,336,166,170,632,347,285
"DAMAN & DIU","54.000000",1033,538,495,362,182,180,671,356,315
"DAMAN & DIU","55.000000",1472,787,685,439,216,223,1033,571,462
"DAMAN & DIU","56.000000",1061,549,512,331,163,168,730,386,344
"DAMAN & DIU","57.000000",845,429,416,255,118,137,590,311,279
"DAMAN & DIU","58.000000",868,432,436,245,122,123,623,310,313
"DAMAN & DIU","59.000000",810,379,431,277,121,156,533,258,275
"DAMAN & DIU","60.000000",1533,691,842,477,203,274,1056,488,568
"DAMAN & DIU","61.000000",822,393,429,240,101,139,582,292,290
"DAMAN & DIU","62.000000",715,317,398,231,97,134,484,220,264
"DAMAN & DIU","63.000000",642,311,331,223,102,121,419,209,210
"DAMAN & DIU","64.000000",596,265,331,217,89,128,379,176,203
"DAMAN & DIU","65.000000",1000,398,602,314,132,182,686,266,420
"DAMAN & DIU","66.000000",544,267,277,178,82,96,366,185,181
"DAMAN & DIU","67.000000",398,180,218,127,56,71,271,124,147
"DAMAN & DIU","68.000000",474,207,267,137,63,74,337,144,193
"DAMAN & DIU","69.000000",337,130,207,114,41,73,223,89,134
"DAMAN & DIU","70.000000",865,309,556,285,103,182,580,206,374
"DAMAN & DIU","71.000000",375,158,217,121,48,73,254,110,144
"DAMAN & DIU","72.000000",321,138,183,94,41,53,227,97,130
"DAMAN & DIU","73.000000",280,121,159,94,42,52,186,79,107
"DAMAN & DIU","74.000000",262,115,147,81,41,40,181,74,107
"DAMAN & DIU","75.000000",410,166,244,130,47,83,280,119,161
"DAMAN & DIU","76.000000",204,87,117,54,19,35,150,68,82
"DAMAN & DIU","77.000000",154,56,98,42,11,31,112,45,67
"DAMAN & DIU","78.000000",155,74,81,46,20,26,109,54,55
"DAMAN & DIU","79.000000",144,54,90,42,15,27,102,39,63
"DAMAN & DIU","80.000000",276,94,182,97,34,63,179,60,119
"DAMAN & DIU","81.000000",119,39,80,28,12,16,91,27,64
"DAMAN & DIU","82.000000",95,32,63,38,9,29,57,23,34
"DAMAN & DIU","83.000000",72,24,48,25,7,18,47,17,30
"DAMAN & DIU","84.000000",73,26,47,28,7,21,45,19,26
"DAMAN & DIU","85.000000",98,31,67,27,5,22,71,26,45
"DAMAN & DIU","86.000000",48,18,30,12,3,9,36,15,21
"DAMAN & DIU","87.000000",39,22,17,11,5,6,28,17,11
"DAMAN & DIU","88.000000",26,12,14,10,4,6,16,8,8
"DAMAN & DIU","89.000000",28,11,17,7,3,4,21,8,13
"DAMAN & DIU","90.000000",52,20,32,11,6,5,41,14,27
"DAMAN & DIU","91.000000",30,12,18,5,2,3,25,10,15
"DAMAN & DIU","92.000000",27,10,17,9,4,5,18,6,12
"DAMAN & DIU","93.000000",12,4,8,3,2,1,9,2,7
"DAMAN & DIU","94.000000",11,5,6,3,3,0,8,2,6
"DAMAN & DIU","95.000000",22,14,8,6,2,4,16,12,4
"DAMAN & DIU","96.000000",19,13,6,1,0,1,18,13,5
"DAMAN & DIU","97.000000",9,7,2,0,0,0,9,7,2
"DAMAN & DIU","98.000000",10,7,3,1,0,1,9,7,2
"DAMAN & DIU","99.000000",7,4,3,1,0,1,6,4,2
"DAMAN & DIU","100+",57,31,26,13,4,9,44,27,17
"DAMAN & DIU","Age not stated",356,248,108,83,43,40,273,205,68
"GOA","All ages",1458545,739140,719405,551731,275436,276295,906814,463704,443110
"GOA","0.000000",19039,9868,9171,7242,3788,3454,11797,6080,5717
"GOA","1.000000",21181,10817,10364,7984,4095,3889,13197,6722,6475
"GOA","2.000000",20366,10566,9800,7607,3933,3674,12759,6633,6126
"GOA","3.000000",19928,10171,9757,7377,3752,3625,12551,6419,6132
"GOA","4.000000",20689,10595,10094,7629,3864,3765,13060,6731,6329
"GOA","5.000000",22128,11525,10603,8259,4335,3924,13869,7190,6679
"GOA","6.000000",21280,10918,10362,7916,4005,3911,13364,6913,6451
"GOA","7.000000",21365,11068,10297,7946,4093,3853,13419,6975,6444
"GOA","8.000000",20261,10515,9746,7468,3821,3647,12793,6694,6099
"GOA","9.000000",20934,10646,10288,7775,3911,3864,13159,6735,6424
"GOA","10.000000",23764,12265,11499,8934,4509,4425,14830,7756,7074
"GOA","11.000000",22821,11821,11000,8504,4289,4215,14317,7532,6785
"GOA","12.000000",21334,11171,10163,7932,4146,3786,13402,7025,6377
"GOA","13.000000",21458,11002,10456,8091,4167,3924,13367,6835,6532
"GOA","14.000000",21612,11158,10454,8205,4193,4012,13407,6965,6442
"GOA","15.000000",21859,11343,10516,8123,4133,3990,13736,7210,6526
"GOA","16.000000",21041,11005,10036,7912,4129,3783,13129,6876,6253
"GOA","17.000000",21037,10844,10193,8058,4145,3913,12979,6699,6280
"GOA","18.000000",24876,13363,11513,9116,4815,4301,15760,8548,7212
"GOA","19.000000",25062,13520,11542,9162,4778,4384,15900,8742,7158
"GOA","20.000000",28157,15452,12705,10008,5201,4807,18149,10251,7898
"GOA","21.000000",25465,13880,11585,9115,4711,4404,16350,9169,7181
"GOA","22.000000",25972,14250,11722,9331,4876,4455,16641,9374,7267
"GOA","23.000000",25055,13411,11644,9192,4894,4298,15863,8517,7346
"GOA","24.000000",26096,13623,12473,9644,4908,4736,16452,8715,7737
"GOA","25.000000",29533,15146,14387,10870,5506,5364,18663,9640,9023
"GOA","26.000000",26694,13831,12863,10019,5136,4883,16675,8695,7980
"GOA","27.000000",24998,12802,12196,9443,4732,4711,15555,8070,7485
"GOA","28.000000",27283,13740,13543,10338,5164,5174,16945,8576,8369
"GOA","29.000000",24118,12225,11893,9247,4712,4535,14871,7513,7358
"GOA","30.000000",32119,16238,15881,12085,5975,6110,20034,10263,9771
"GOA","31.000000",24559,12436,12123,9405,4727,4678,15154,7709,7445
"GOA","32.000000",24510,12387,12123,9408,4753,4655,15102,7634,7468
"GOA","33.000000",20773,10438,10335,8050,4027,4023,12723,6411,6312
"GOA","34.000000",23898,11972,11926,9316,4728,4588,14582,7244,7338
"GOA","35.000000",32151,16120,16031,12425,6141,6284,19726,9979,9747
"GOA","36.000000",25256,12731,12525,9596,4802,4794,15660,7929,7731
"GOA","37.000000",21737,10877,10860,8333,4158,4175,13404,6719,6685
"GOA","38.000000",25027,12517,12510,9548,4825,4723,15479,7692,7787
"GOA","39.000000",22127,11296,10831,8484,4342,4142,13643,6954,6689
"GOA","40.000000",29621,15088,14533,11467,5695,5772,18154,9393,8761
"GOA","41.000000",21248,10986,10262,7847,4072,3775,13401,6914,6487
"GOA","42.000000",21822,11328,10494,8118,4212,3906,13704,7116,6588
"GOA","43.000000",18129,9263,8866,6532,3382,3150,11597,5881,5716
"GOA","44.000000",17692,8839,8853,6418,3201,3217,11274,5638,5636
"GOA","45.000000",25745,12665,13080,9844,4774,5070,15901,7891,8010
"GOA","46.000000",19410,9748,9662,7134,3535,3599,12276,6213,6063
"GOA","47.000000",15892,8171,7721,5909,3047,2862,9983,5124,4859
"GOA","48.000000",17151,8733,8418,6419,3190,3229,10732,5543,5189
"GOA","49.000000",16538,8550,7988,6301,3248,3053,10237,5302,4935
"GOA","50.000000",22112,10749,11363,8726,4062,4664,13386,6687,6699
"GOA","51.000000",15482,7925,7557,5828,2914,2914,9654,5011,4643
"GOA","52.000000",14124,7290,6834,5209,2645,2564,8915,4645,4270
"GOA","53.000000",12085,6416,5669,4316,2290,2026,7769,4126,3643
"GOA","54.000000",12789,6402,6387,4777,2336,2441,8012,4066,3946
"GOA","55.000000",17396,7740,9656,6974,2925,4049,10422,4815,5607
"GOA","56.000000",13648,6771,6877,5153,2541,2612,8495,4230,4265
"GOA","57.000000",11057,5739,5318,4110,2116,1994,6947,3623,3324
"GOA","58.000000",12323,6109,6214,4644,2329,2315,7679,3780,3899
"GOA","59.000000",11129,5662,5467,4203,2133,2070,6926,3529,3397
"GOA","60.000000",19387,8443,10944,8177,3392,4785,11210,5051,6159
"GOA","61.000000",12177,5804,6373,4725,2244,2481,7452,3560,3892
"GOA","62.000000",10893,5399,5494,4278,2104,2174,6615,3295,3320
"GOA","63.000000",9558,4893,4665,3651,1869,1782,5907,3024,2883
"GOA","64.000000",9089,4561,4528,3465,1671,1794,5624,2890,2734
"GOA","65.000000",14516,6213,8303,6485,2740,3745,8031,3473,4558
"GOA","66.000000",8480,4001,4479,3414,1593,1821,5066,2408,2658
"GOA","67.000000",5983,2984,2999,2300,1093,1207,3683,1891,1792
"GOA","68.000000",6350,3096,3254,2473,1179,1294,3877,1917,1960
"GOA","69.000000",5690,2711,2979,2218,1022,1196,3472,1689,1783
"GOA","70.000000",11265,4582,6683,5087,1977,3110,6178,2605,3573
"GOA","71.000000",5981,2692,3289,2367,1015,1352,3614,1677,1937
"GOA","72.000000",4438,2137,2301,1680,771,909,2758,1366,1392
"GOA","73.000000",3628,1760,1868,1329,637,692,2299,1123,1176
"GOA","74.000000",3743,1719,2024,1370,624,746,2373,1095,1278
"GOA","75.000000",5978,2455,3523,2470,982,1488,3508,1473,2035
"GOA","76.000000",3569,1601,1968,1401,627,774,2168,974,1194
"GOA","77.000000",2588,1227,1361,914,412,502,1674,815,859
"GOA","78.000000",2421,1109,1312,893,406,487,1528,703,825
"GOA","79.000000",1980,836,1144,758,315,443,1222,521,701
"GOA","80.000000",3847,1427,2420,1706,657,1049,2141,770,1371
"GOA","81.000000",2003,771,1232,780,305,475,1223,466,757
"GOA","82.000000",1321,576,745,473,202,271,848,374,474
"GOA","83.000000",1059,418,641,397,157,240,662,261,401
"GOA","84.000000",1016,407,609,374,139,235,642,268,374
"GOA","85.000000",1470,512,958,599,204,395,871,308,563
"GOA","86.000000",872,347,525,367,129,238,505,218,287
"GOA","87.000000",590,225,365,227,78,149,363,147,216
"GOA","88.000000",521,201,320,192,74,118,329,127,202
"GOA","89.000000",440,167,273,171,58,113,269,109,160
"GOA","90.000000",664,223,441,294,96,198,370,127,243
"GOA","91.000000",377,152,225,151,55,96,226,97,129
"GOA","92.000000",221,85,136,63,24,39,158,61,97
"GOA","93.000000",152,59,93,41,16,25,111,43,68
"GOA","94.000000",174,74,100,61,29,32,113,45,68
"GOA","95.000000",240,92,148,111,47,64,129,45,84
"GOA","96.000000",134,55,79,52,23,29,82,32,50
"GOA","97.000000",93,35,58,38,16,22,55,19,36
"GOA","98.000000",123,61,62,52,24,28,71,37,34
"GOA","99.000000",70,22,48,28,9,19,42,13,29
"GOA","100+",394,183,211,155,71,84,239,112,127
"GOA","Age not stated",2094,1098,996,918,484,434,1176,614,562
"GUJARAT","All ages",60439692,31491260,28948432,34694609,17799159,16895450,25745083,13692101,12052982
"GUJARAT","0.000000",960867,510124,450743,594190,312044,282146,366677,198080,168597
"GUJARAT","1.000000",1119545,593467,526078,684512,359290,325222,435033,234177,200856
"GUJARAT","2.000000",1116718,585751,530967,700225,363272,336953,416493,222479,194014
"GUJARAT","3.000000",1123762,583036,540726,706278,362268,344010,417484,220768,196716
"GUJARAT","4.000000",1139440,599512,539928,715688,371984,343704,423752,227528,196224
"GUJARAT","5.000000",1185366,636862,548504,731180,387165,344015,454186,249697,204489
"GUJARAT","6.000000",1131564,606632,524932,692830,365432,327398,438734,241200,197534
"GUJARAT","7.000000",1206246,642667,563579,737692,386470,351222,468554,256197,212357
"GUJARAT","8.000000",1178323,629448,548875,739884,388990,350894,438439,240458,197981
"GUJARAT","9.000000",1134337,610792,523545,707049,373999,333050,427288,236793,190495
"GUJARAT","10.000000",1311960,704106,607854,812478,427486,384992,499482,276620,222862
"GUJARAT","11.000000",1236591,663546,573045,762497,402077,360420,474094,261469,212625
"GUJARAT","12.000000",1245225,663603,581622,772750,404555,368195,472475,259048,213427
"GUJARAT","13.000000",1180511,626998,553513,726657,380707,345950,453854,246291,207563
"GUJARAT","14.000000",1175158,625581,549577,713499,374554,338945,461659,251027,210632
"GUJARAT","15.000000",1221988,656901,565087,740679,391524,349155,481309,265377,215932
"GUJARAT","16.000000",1148027,612601,535426,685110,359632,325478,462917,252969,209948
"GUJARAT","17.000000",1100940,592392,508548,636868,334951,301917,464072,257441,206631
"GUJARAT","18.000000",1297444,702316,595128,743403,388891,354512,554041,313425,240616
"GUJARAT","19.000000",1097361,581900,515461,600474,306576,293898,496887,275324,221563
"GUJARAT","20.000000",1398383,735875,662508,784696,400745,383951,613687,335130,278557
"GUJARAT","21.000000",1089080,583022,506058,581673,305750,275923,507407,277272,230135
"GUJARAT","22.000000",1179944,636266,543678,641469,341862,299607,538475,294404,244071
"GUJARAT","23.000000",1052828,542554,510274,563156,283533,279623,489672,259021,230651
"GUJARAT","24.000000",1060487,548410,512077,558120,281871,276249,502367,266539,235828
"GUJARAT","25.000000",1331560,725062,606498,708851,392078,316773,622709,332984,289725
"GUJARAT","26.000000",1046281,554557,491724,542981,285644,257337,503300,268913,234387
"GUJARAT","27.000000",929968,488975,440993,475827,247993,227834,454141,240982,213159
"GUJARAT","28.000000",1123466,560989,562477,611928,296495,315433,511538,264494,247044
"GUJARAT","29.000000",847547,437700,409847,427954,217193,210761,419593,220507,199086
"GUJARAT","30.000000",1413815,756358,657457,772307,414502,357805,641508,341856,299652
"GUJARAT","31.000000",813586,431557,382029,410143,216685,193458,403443,214872,188571
"GUJARAT","32.000000",959612,495302,464310,526862,267949,258913,432750,227353,205397
"GUJARAT","33.000000",771186,374644,396542,426599,198821,227778,344587,175823,168764
"GUJARAT","34.000000",812329,409163,403166,431954,211511,220443,380375,197652,182723
"GUJARAT","35.000000",1262762,704216,558546,696307,395855,300452,566455,308361,258094
"GUJARAT","36.000000",827772,436444,391328,448074,235445,212629,379698,200999,178699
"GUJARAT","37.000000",684864,350720,334144,369148,188109,181039,315716,162611,153105
"GUJARAT","38.000000",895890,423384,472506,516380,235587,280793,379510,187797,191713
"GUJARAT","39.000000",669937,343571,326366,349968,175820,174148,319969,167751,152218
"GUJARAT","40.000000",1260943,671435,589508,725157,388263,336894,535786,283172,252614
"GUJARAT","41.000000",647040,345008,302032,334720,178678,156042,312320,166330,145990
"GUJARAT","42.000000",776197,401005,375192,438645,224561,214084,337552,176444,161108
"GUJARAT","43.000000",584549,276946,307603,329121,148121,181000,255428,128825,126603
"GUJARAT","44.000000",596747,299482,297265,321543,156734,164809,275204,142748,132456
"GUJARAT","45.000000",1076760,586607,490153,610662,342125,268537,466098,244482,221616
"GUJARAT","46.000000",600694,314547,286147,322841,168529,154312,277853,146018,131835
"GUJARAT","47.000000",502074,254410,247664,265983,131748,134235,236091,122662,113429
"GUJARAT","48.000000",652405,306700,345705,381643,170663,210980,270762,136037,134725
"GUJARAT","49.000000",482080,249608,232472,249407,125763,123644,232673,123845,108828
"GUJARAT","50.000000",977597,514051,463546,575205,305124,270081,402392,208927,193465
"GUJARAT","51.000000",453595,248659,204936,233983,127882,106101,219612,120777,98835
"GUJARAT","52.000000",490853,257247,233606,278844,142854,135990,212009,114393,97616
"GUJARAT","53.000000",378031,185502,192529,207730,93979,113751,170301,91523,78778
"GUJARAT","54.000000",397107,203814,193293,208905,102735,106170,188202,101079,87123
"GUJARAT","55.000000",695613,362131,333482,408459,215696,192763,287154,146435,140719
"GUJARAT","56.000000",383662,202397,181265,207321,107546,99775,176341,94851,81490
"GUJARAT","57.000000",294418,150186,144232,158530,76579,81951,135888,73607,62281
"GUJARAT","58.000000",386459,173828,212631,232053,94686,137367,154406,79142,75264
"GUJARAT","59.000000",294795,149546,145249,155509,75047,80462,139286,74499,64787
"GUJARAT","60.000000",730129,356624,373505,456698,224734,231964,273431,131890,141541
"GUJARAT","61.000000",284292,146896,137396,155322,79313,76009,128970,67583,61387
"GUJARAT","62.000000",288337,143489,144848,173395,83989,89406,114942,59500,55442
"GUJARAT","63.000000",218392,103410,114982,124494,53910,70584,93898,49500,44398
"GUJARAT","64.000000",206602,100840,105762,113134,52403,60731,93468,48437,45031
"GUJARAT","65.000000",509712,239371,270341,324075,155190,168885,185637,84181,101456
"GUJARAT","66.000000",199332,99181,100151,113853,55768,58085,85479,43413,42066
"GUJARAT","67.000000",134935,66782,68153,74939,34569,40370,59996,32213,27783
"GUJARAT","68.000000",182352,76492,105860,113957,42109,71848,68395,34383,34012
"GUJARAT","69.000000",143741,68176,75565,80445,35974,44471,63296,32202,31094
"GUJARAT","70.000000",464620,206352,258268,311048,140688,170360,153572,65664,87908
"GUJARAT","71.000000",149830,73543,76287,85992,41703,44289,63838,31840,31998
"GUJARAT","72.000000",124793,60820,63973,75203,35383,39820,49590,25437,24153
"GUJARAT","73.000000",80045,38119,41926,44947,19451,25496,35098,18668,16430
"GUJARAT","74.000000",80389,38688,41701,42535,19377,23158,37854,19311,18543
"GUJARAT","75.000000",210973,91520,119453,135577,59714,75863,75396,31806,43590
"GUJARAT","76.000000",76990,36185,40805,43354,19892,23462,33636,16293,17343
"GUJARAT","77.000000",48111,23509,24602,24967,11215,13752,23144,12294,10850
"GUJARAT","78.000000",57683,24438,33245,33447,12395,21052,24236,12043,12193
"GUJARAT","79.000000",46239,20689,25550,24659,10327,14332,21580,10362,11218
"GUJARAT","80.000000",174171,69765,104406,116549,47949,68600,57622,21816,35806
"GUJARAT","81.000000",48468,21305,27163,28214,12295,15919,20254,9010,11244
"GUJARAT","82.000000",32177,15057,17120,18578,8528,10050,13599,6529,7070
"GUJARAT","83.000000",20589,9469,11120,10701,4547,6154,9888,4922,4966
"GUJARAT","84.000000",20424,9174,11250,10099,4470,5629,10325,4704,5621
"GUJARAT","85.000000",60571,25062,35509,37639,16293,21346,22932,8769,14163
"GUJARAT","86.000000",19836,8895,10941,10633,4798,5835,9203,4097,5106
"GUJARAT","87.000000",10717,4984,5733,5225,2363,2862,5492,2621,2871
"GUJARAT","88.000000",11414,4860,6554,6153,2460,3693,5261,2400,2861
"GUJARAT","89.000000",10540,4388,6152,5487,2226,3261,5053,2162,2891
"GUJARAT","90.000000",39349,14102,25247,25988,9606,16382,13361,4496,8865
"GUJARAT","91.000000",12798,5429,7369,7178,2962,4216,5620,2467,3153
"GUJARAT","92.000000",9513,4375,5138,5081,2266,2815,4432,2109,2323
"GUJARAT","93.000000",6082,2782,3300,3014,1318,1696,3068,1464,1604
"GUJARAT","94.000000",6591,2955,3636,3324,1442,1882,3267,1513,1754
"GUJARAT","95.000000",15718,6393,9325,9641,3951,5690,6077,2442,3635
"GUJARAT","96.000000",6888,3098,3790,3653,1597,2056,3235,1501,1734
"GUJARAT","97.000000",4859,2304,2555,2499,1166,1333,2360,1138,1222
"GUJARAT","98.000000",6833,2981,3852,3895,1578,2317,2938,1403,1535
"GUJARAT","99.000000",4423,1665,2758,2845,1054,1791,1578,611,967
"GUJARAT","100+",27101,11434,15667,15889,6285,9604,11212,5149,6063
"GUJARAT","Age not stated",238844,125546,113298,115682,59273,56409,123162,66273,56889
"HARYANA","All ages",25351462,13494734,11856728,16509359,8774006,7735353,8842103,4720728,4121375
"HARYANA","0.000000",466734,254326,212408,323242,175957,147285,143492,78369,65123
"HARYANA","1.000000",468526,256720,211806,315129,172971,142158,153397,83749,69648
"HARYANA","2.000000",474646,257396,217250,322444,174826,147618,152202,82570,69632
"HARYANA","3.000000",477000,256528,220472,321525,172619,148906,155475,83909,71566
"HARYANA","4.000000",475613,258819,216794,320583,174250,146333,155030,84569,70461
"HARYANA","5.000000",519990,286865,233125,348180,192130,156050,171810,94735,77075
"HARYANA","6.000000",498212,272455,225757,334009,182337,151672,164203,90118,74085
"HARYANA","7.000000",497749,270994,226755,333177,181029,152148,164572,89965,74607
"HARYANA","8.000000",513907,281655,232252,348535,190498,158037,165372,91157,74215
"HARYANA","9.000000",468899,259856,209043,315981,174478,141503,152918,85378,67540
"HARYANA","10.000000",573702,320318,253384,386126,214227,171899,187576,106091,81485
"HARYANA","11.000000",506884,282039,224845,343636,190067,153569,163248,91972,71276
"HARYANA","12.000000",550890,305753,245137,376432,208087,168345,174458,97666,76792
"HARYANA","13.000000",508706,277252,231454,346721,188180,158541,161985,89072,72913
"HARYANA","14.000000",528496,288774,239722,359944,195525,164419,168552,93249,75303
"HARYANA","15.000000",553727,306076,247651,376899,207291,169608,176828,98785,78043
"HARYANA","16.000000",545635,302833,242802,372016,205491,166525,173619,97342,76277
"HARYANA","17.000000",490393,274242,216151,328020,182705,145315,162373,91537,70836
"HARYANA","18.000000",607791,340968,266823,407575,227291,180284,200216,113677,86539
"HARYANA","19.000000",479844,263429,216415,315481,171613,143868,164363,91816,72547
"HARYANA","20.000000",614449,330697,283752,408674,219197,189477,205775,111500,94275
"HARYANA","21.000000",484572,262284,222288,311331,169039,142292,173241,93245,79996
"HARYANA","22.000000",535670,290891,244779,347678,190377,157301,187992,100514,87478
"HARYANA","23.000000",461656,241904,219752,293805,154375,139430,167851,87529,80322
"HARYANA","24.000000",471139,247023,224116,297091,156589,140502,174048,90434,83614
"HARYANA","25.000000",568971,305014,263957,361600,197000,164600,207371,108014,99357
"HARYANA","26.000000",473539,252401,221138,294546,158745,135801,178993,93656,85337
"HARYANA","27.000000",383320,206915,176405,233195,127582,105613,150125,79333,70792
"HARYANA","28.000000",497051,250878,246173,314197,158508,155689,182854,92370,90484
"HARYANA","29.000000",309078,163132,145946,180703,95894,84809,128375,67238,61137
"HARYANA","30.000000",599403,316606,282797,383685,204019,179666,215718,112587,103131
"HARYANA","31.000000",293639,156029,137610,170222,91454,78768,123417,64575,58842
"HARYANA","32.000000",398901,205197,193704,250920,129157,121763,147981,76040,71941
"HARYANA","33.000000",295496,144143,151353,183936,88091,95845,111560,56052,55508
"HARYANA","34.000000",306152,154869,151283,185437,92688,92749,120715,62181,58534
"HARYANA","35.000000",554447,303559,250888,351504,194679,156825,202943,108880,94063
"HARYANA","36.000000",342705,178867,163838,211109,110934,100175,131596,67933,63663
"HARYANA","37.000000",255028,132738,122290,154401,81109,73292,100627,51629,48998
"HARYANA","38.000000",383744,181199,202545,248310,115087,133223,135434,66112,69322
"HARYANA","39.000000",225939,116354,109585,132289,67701,64588,93650,48653,44997
"HARYANA","40.000000",562005,305227,256778,368603,201013,167590,193402,104214,89188
"HARYANA","41.000000",231401,126026,105375,134959,74080,60879,96442,51946,44496
"HARYANA","42.000000",304442,158978,145464,193819,101166,92653,110623,57812,52811
"HARYANA","43.000000",212931,100813,112118,133081,60825,72256,79850,39988,39862
"HARYANA","44.000000",195171,99537,95634,116907,58872,58035,78264,40665,37599
"HARYANA","45.000000",460362,255445,204917,295727,166264,129463,164635,89181,75454
"HARYANA","46.000000",227824,121532,106292,135944,72766,63178,91880,48766,43114
"HARYANA","47.000000",163889,86253,77636,96418,50592,45826,67471,35661,31810
"HARYANA","48.000000",249969,118656,131313,157566,72407,85159,92403,46249,46154
"HARYANA","49.000000",139770,73863,65907,79399,41309,38090,60371,32554,27817
"HARYANA","50.000000",404314,216063,188251,264879,142656,122223,139435,73407,66028
"HARYANA","51.000000",146510,80784,65726,82668,45742,36926,63842,35042,28800
"HARYANA","52.000000",169102,89048,80054,102838,53646,49192,66264,35402,30862
"HARYANA","53.000000",124375,62294,62081,72395,34398,37997,51980,27896,24084
"HARYANA","54.000000",120927,62499,58428,67508,34053,33455,53419,28446,24973
"HARYANA","55.000000",273371,140421,132950,174528,89913,84615,98843,50508,48335
"HARYANA","56.000000",141379,75622,65757,82846,43850,38996,58533,31772,26761
"HARYANA","57.000000",92984,48095,44889,53367,26592,26775,39617,21503,18114
"HARYANA","58.000000",150181,65003,85178,97379,39188,58191,52802,25815,26987
"HARYANA","59.000000",93023,45068,47955,54768,24801,29967,38255,20267,17988
"HARYANA","60.000000",344384,161023,183361,240033,110753,129280,104351,50270,54081
"HARYANA","61.000000",135961,66648,69313,88268,42056,46212,47693,24592,23101
"HARYANA","62.000000",162539,83756,78783,114411,58709,55702,48128,25047,23081
"HARYANA","63.000000",115662,57881,57781,77023,37491,39532,38639,20390,18249
"HARYANA","64.000000",85803,44650,41153,54222,27627,26595,31581,17023,14558
"HARYANA","65.000000",242107,121779,120328,172992,87772,85220,69115,34007,35108
"HARYANA","66.000000",88333,46503,41830,57422,29916,27506,30911,16587,14324
"HARYANA","67.000000",51495,28125,23370,32467,17346,15121,19028,10779,8249
"HARYANA","68.000000",77022,35656,41366,52387,22975,29412,24635,12681,11954
"HARYANA","69.000000",45482,23207,22275,28159,13730,14429,17323,9477,7846
"HARYANA","70.000000",205764,100680,105084,150681,74585,76096,55083,26095,28988
"HARYANA","71.000000",58886,29990,28896,38562,19588,18974,20324,10402,9922
"HARYANA","72.000000",50949,27071,23878,34440,18256,16184,16509,8815,7694
"HARYANA","73.000000",30863,15842,15021,19738,9615,10123,11125,6227,4898
"HARYANA","74.000000",27699,14721,12978,16977,8730,8247,10722,5991,4731
"HARYANA","75.000000",99155,48521,50634,71398,35562,35836,27757,12959,14798
"HARYANA","76.000000",35249,17836,17413,23720,11966,11754,11529,5870,5659
"HARYANA","77.000000",18195,10039,8156,11892,6421,5471,6303,3618,2685
"HARYANA","78.000000",26872,12872,14000,18832,8699,10133,8040,4173,3867
"HARYANA","79.000000",16746,8424,8322,11122,5453,5669,5624,2971,2653
"HARYANA","80.000000",91038,42611,48427,69264,33168,36096,21774,9443,12331
"HARYANA","81.000000",25160,12127,13033,17606,8600,9006,7554,3527,4027
"HARYANA","82.000000",17050,8963,8087,12142,6371,5771,4908,2592,2316
"HARYANA","83.000000",10292,5388,4904,6858,3519,3339,3434,1869,1565
"HARYANA","84.000000",8855,4706,4149,5730,3052,2678,3125,1654,1471
"HARYANA","85.000000",33341,15985,17356,24276,12084,12192,9065,3901,5164
"HARYANA","86.000000",11483,5859,5624,7806,4100,3706,3677,1759,1918
"HARYANA","87.000000",5208,2915,2293,3444,1956,1488,1764,959,805
"HARYANA","88.000000",6257,3239,3018,4313,2256,2057,1944,983,961
"HARYANA","89.000000",4206,2099,2107,2741,1405,1336,1465,694,771
"HARYANA","90.000000",22024,10234,11790,16693,7986,8707,5331,2248,3083
"HARYANA","91.000000",6039,2840,3199,4166,1972,2194,1873,868,1005
"HARYANA","92.000000",3964,2122,1842,2807,1528,1279,1157,594,563
"HARYANA","93.000000",2538,1309,1229,1727,904,823,811,405,406
"HARYANA","94.000000",2293,1178,1115,1512,808,704,781,370,411
"HARYANA","95.000000",6283,2965,3318,4671,2253,2418,1612,712,900
"HARYANA","96.000000",2774,1373,1401,1899,931,968,875,442,433
"HARYANA","97.000000",1552,808,744,1056,562,494,496,246,250
"HARYANA","98.000000",2242,1047,1195,1608,746,862,634,301,333
"HARYANA","99.000000",1460,652,808,1065,486,579,395,166,229
"HARYANA","100+",10530,4977,5553,6761,3128,3633,3769,1849,1920
"HARYANA","Age not stated",31534,16888,14646,20581,11011,9570,10953,5877,5076
"HIMACHAL PRADESH","All ages",6864602,3481873,3382729,6176050,3110345,3065705,688552,371528,317024
"HIMACHAL PRADESH","0.000000",101835,53261,48574,94406,49373,45033,7429,3888,3541
"HIMACHAL PRADESH","1.000000",113916,59961,53955,104829,55172,49657,9087,4789,4298
"HIMACHAL PRADESH","2.000000",107317,55969,51348,98582,51317,47265,8735,4652,4083
"HIMACHAL PRADESH","3.000000",110322,57322,53000,101117,52499,48618,9205,4823,4382
"HIMACHAL PRADESH","4.000000",111594,58498,53096,101997,53382,48615,9597,5116,4481
"HIMACHAL PRADESH","5.000000",117679,61890,55789,107195,56236,50959,10484,5654,4830
"HIMACHAL PRADESH","6.000000",115235,60558,54677,104696,54875,49821,10539,5683,4856
"HIMACHAL PRADESH","7.000000",122039,63842,58197,111185,58014,53171,10854,5828,5026
"HIMACHAL PRADESH","8.000000",117124,61593,55531,106293,55716,50577,10831,5877,4954
"HIMACHAL PRADESH","9.000000",119100,63574,55526,108190,57600,50590,10910,5974,4936
"HIMACHAL PRADESH","10.000000",134596,71647,62949,122334,64852,57482,12262,6795,5467
"HIMACHAL PRADESH","11.000000",127447,67693,59754,115507,61000,54507,11940,6693,5247
"HIMACHAL PRADESH","12.000000",125830,66799,59031,114237,60324,53913,11593,6475,5118
"HIMACHAL PRADESH","13.000000",124125,65336,58789,112678,59005,53673,11447,6331,5116
"HIMACHAL PRADESH","14.000000",127226,66765,60461,115509,60319,55190,11717,6446,5271
"HIMACHAL PRADESH","15.000000",127378,67225,60153,115114,60443,54671,12264,6782,5482
"HIMACHAL PRADESH","16.000000",126410,66658,59752,114081,59746,54335,12329,6912,5417
"HIMACHAL PRADESH","17.000000",124585,65721,58864,112339,59015,53324,12246,6706,5540
"HIMACHAL PRADESH","18.000000",136759,72265,64494,122520,64005,58515,14239,8260,5979
"HIMACHAL PRADESH","19.000000",125329,64860,60469,111937,57345,54592,13392,7515,5877
"HIMACHAL PRADESH","20.000000",135902,69643,66259,121043,61334,59709,14859,8309,6550
"HIMACHAL PRADESH","21.000000",126638,63969,62669,112829,56431,56398,13809,7538,6271
"HIMACHAL PRADESH","22.000000",133018,66720,66298,118602,58777,59825,14416,7943,6473
"HIMACHAL PRADESH","23.000000",123650,61664,61986,109984,54260,55724,13666,7404,6262
"HIMACHAL PRADESH","24.000000",124658,61724,62934,110981,54365,56616,13677,7359,6318
"HIMACHAL PRADESH","25.000000",128871,63006,65865,114397,55148,59249,14474,7858,6616
"HIMACHAL PRADESH","26.000000",121425,59721,61704,107865,52387,55478,13560,7334,6226
"HIMACHAL PRADESH","27.000000",114008,56142,57866,101455,49364,52091,12553,6778,5775
"HIMACHAL PRADESH","28.000000",123493,60448,63045,110002,53391,56611,13491,7057,6434
"HIMACHAL PRADESH","29.000000",101363,50808,50555,89886,44726,45160,11477,6082,5395
"HIMACHAL PRADESH","30.000000",135071,65731,69340,120600,57989,62611,14471,7742,6729
"HIMACHAL PRADESH","31.000000",104067,52399,51668,92304,46129,46175,11763,6270,5493
"HIMACHAL PRADESH","32.000000",110340,54497,55843,97821,48061,49760,12519,6436,6083
"HIMACHAL PRADESH","33.000000",93801,47270,46531,83163,41684,41479,10638,5586,5052
"HIMACHAL PRADESH","34.000000",103078,51356,51722,91487,45409,46078,11591,5947,5644
"HIMACHAL PRADESH","35.000000",128559,63321,65238,114437,55824,58613,14122,7497,6625
"HIMACHAL PRADESH","36.000000",107410,53799,53611,95265,47474,47791,12145,6325,5820
"HIMACHAL PRADESH","37.000000",91723,46457,45266,80940,40961,39979,10783,5496,5287
"HIMACHAL PRADESH","38.000000",108396,52845,55551,96474,46860,49614,11922,5985,5937
"HIMACHAL PRADESH","39.000000",81878,41808,40070,72159,36787,35372,9719,5021,4698
"HIMACHAL PRADESH","40.000000",126089,60353,65736,113152,53625,59527,12937,6728,6209
"HIMACHAL PRADESH","41.000000",83062,42875,40187,72936,37447,35489,10126,5428,4698
"HIMACHAL PRADESH","42.000000",93789,47054,46735,83036,41253,41783,10753,5801,4952
"HIMACHAL PRADESH","43.000000",71844,36356,35488,63136,31709,31427,8708,4647,4061
"HIMACHAL PRADESH","44.000000",70776,35631,35145,62375,31103,31272,8401,4528,3873
"HIMACHAL PRADESH","45.000000",114338,54723,59615,102653,48391,54262,11685,6332,5353
"HIMACHAL PRADESH","46.000000",79664,40122,39542,70281,35053,35228,9383,5069,4314
"HIMACHAL PRADESH","47.000000",64515,33269,31246,56897,29059,27838,7618,4210,3408
"HIMACHAL PRADESH","48.000000",81011,40409,40602,72100,35635,36465,8911,4774,4137
"HIMACHAL PRADESH","49.000000",55600,29119,26481,48862,25351,23511,6738,3768,2970
"HIMACHAL PRADESH","50.000000",108972,49852,59120,99173,44593,54580,9799,5259,4540
"HIMACHAL PRADESH","51.000000",58977,30779,28198,52177,26876,25301,6800,3903,2897
"HIMACHAL PRADESH","52.000000",63217,32700,30517,56343,28735,27608,6874,3965,2909
"HIMACHAL PRADESH","53.000000",48694,25901,22793,42903,22559,20344,5791,3342,2449
"HIMACHAL PRADESH","54.000000",50827,26492,24335,44815,23029,21786,6012,3463,2549
"HIMACHAL PRADESH","55.000000",85230,39322,45908,77713,35262,42451,7517,4060,3457
"HIMACHAL PRADESH","56.000000",56671,29535,27136,50801,26102,24699,5870,3433,2437
"HIMACHAL PRADESH","57.000000",40289,21949,18340,35616,19133,16483,4673,2816,1857
"HIMACHAL PRADESH","58.000000",49791,25505,24286,44843,22724,22119,4948,2781,2167
"HIMACHAL PRADESH","59.000000",34879,18934,15945,31120,16777,14343,3759,2157,1602
"HIMACHAL PRADESH","60.000000",85300,36833,48467,79385,33923,45462,5915,2910,3005
"HIMACHAL PRADESH","61.000000",40296,20941,19355,36600,18863,17737,3696,2078,1618
"HIMACHAL PRADESH","62.000000",41435,21900,19535,37972,20056,17916,3463,1844,1619
"HIMACHAL PRADESH","63.000000",34977,19812,15165,31628,17923,13705,3349,1889,1460
"HIMACHAL PRADESH","64.000000",29364,15978,13386,26678,14566,12112,2686,1412,1274
"HIMACHAL PRADESH","65.000000",62328,27313,35015,58255,25442,32813,4073,1871,2202
"HIMACHAL PRADESH","66.000000",31639,16313,15326,29100,14964,14136,2539,1349,1190
"HIMACHAL PRADESH","67.000000",21287,12005,9282,19285,10889,8396,2002,1116,886
"HIMACHAL PRADESH","68.000000",25399,13304,12095,23150,12089,11061,2249,1215,1034
"HIMACHAL PRADESH","69.000000",17954,9452,8502,16306,8566,7740,1648,886,762
"HIMACHAL PRADESH","70.000000",61230,25786,35444,57692,24239,33453,3538,1547,1991
"HIMACHAL PRADESH","71.000000",23558,11562,11996,21563,10530,11033,1995,1032,963
"HIMACHAL PRADESH","72.000000",19302,10199,9103,17704,9344,8360,1598,855,743
"HIMACHAL PRADESH","73.000000",13423,7484,5939,12153,6720,5433,1270,764,506
"HIMACHAL PRADESH","74.000000",13074,7088,5986,11820,6417,5403,1254,671,583
"HIMACHAL PRADESH","75.000000",33633,14636,18997,31516,13705,17811,2117,931,1186
"HIMACHAL PRADESH","76.000000",15135,7517,7618,13893,6889,7004,1242,628,614
"HIMACHAL PRADESH","77.000000",8530,4766,3764,7683,4285,3398,847,481,366
"HIMACHAL PRADESH","78.000000",10597,5476,5121,9723,4992,4731,874,484,390
"HIMACHAL PRADESH","79.000000",7811,4045,3766,7143,3690,3453,668,355,313
"HIMACHAL PRADESH","80.000000",31612,13028,18584,30010,12367,17643,1602,661,941
"HIMACHAL PRADESH","81.000000",10589,4737,5852,9900,4434,5466,689,303,386
"HIMACHAL PRADESH","82.000000",6754,3463,3291,6229,3186,3043,525,277,248
"HIMACHAL PRADESH","83.000000",4583,2526,2057,4167,2293,1874,416,233,183
"HIMACHAL PRADESH","84.000000",4545,2410,2135,4108,2168,1940,437,242,195
"HIMACHAL PRADESH","85.000000",12502,5558,6944,11810,5241,6569,692,317,375
"HIMACHAL PRADESH","86.000000",5152,2489,2663,4786,2311,2475,366,178,188
"HIMACHAL PRADESH","87.000000",2702,1479,1223,2460,1351,1109,242,128,114
"HIMACHAL PRADESH","88.000000",2483,1290,1193,2261,1174,1087,222,116,106
"HIMACHAL PRADESH","89.000000",1952,1005,947,1806,936,870,146,69,77
"HIMACHAL PRADESH","90.000000",8388,3501,4887,8023,3361,4662,365,140,225
"HIMACHAL PRADESH","91.000000",2698,1214,1484,2562,1149,1413,136,65,71
"HIMACHAL PRADESH","92.000000",1499,724,775,1384,672,712,115,52,63
"HIMACHAL PRADESH","93.000000",1047,517,530,967,471,496,80,46,34
"HIMACHAL PRADESH","94.000000",917,456,461,840,424,416,77,32,45
"HIMACHAL PRADESH","95.000000",2487,1059,1428,2338,1006,1332,149,53,96
"HIMACHAL PRADESH","96.000000",1127,503,624,1056,467,589,71,36,35
"HIMACHAL PRADESH","97.000000",630,320,310,573,292,281,57,28,29
"HIMACHAL PRADESH","98.000000",886,399,487,837,370,467,49,29,20
"HIMACHAL PRADESH","99.000000",665,269,396,635,260,375,30,9,21
"HIMACHAL PRADESH","100+",3519,1518,2001,3291,1406,1885,228,112,116
"HIMACHAL PRADESH","Age not stated",10163,5353,4810,9386,4899,4487,777,454,323
"INDIA","All ages",12541302,6640662,5900640,9108060,4774477,4333583,3433242,1866185,1567057
"INDIA","0.000000",275312,154761,120551,217053,121905,95148,58259,32856,25403
"INDIA","1.000000",274393,148546,125847,214973,116236,98737,59420,32310,27110
"INDIA","2.000000",285931,152596,133335,225124,119903,105221,60807,32693,28114
"INDIA","3.000000",286440,151640,134800,226199,119697,106502,60241,31943,28298
"INDIA","4.000000",292808,155958,136850,231940,123150,108790,60868,32808,28060
"INDIA","5.000000",303136,161229,141907,239716,127322,112394,63420,33907,29513
"INDIA","6.000000",300885,159625,141260,238003,125928,112075,62882,33697,29185
"INDIA","7.000000",270538,142123,128415,211924,111149,100775,58614,30974,27640
"INDIA","8.000000",285314,150470,134844,223830,117665,106165,61484,32805,28679
"INDIA","9.000000",252100,133371,118729,195583,102930,92653,56517,30441,26076
"INDIA","10.000000",314283,166773,147510,244857,129213,115644,69426,37560,31866
"INDIA","11.000000",282049,149261,132788,220044,115820,104224,62005,33441,28564
"INDIA","12.000000",289798,152365,137433,226066,118391,107675,63732,33974,29758
"INDIA","13.000000",261079,136728,124351,202068,105405,96663,59011,31323,27688
"INDIA","14.000000",266644,139728,126916,204201,106682,97519,62443,33046,29397
"INDIA","15.000000",270992,140502,130490,207140,106785,100355,63852,33717,30135
"INDIA","16.000000",263041,136077,126964,199394,102617,96777,63647,33460,30187
"INDIA","17.000000",221619,115421,106198,164377,85481,78896,57242,29940,27302
"INDIA","18.000000",276216,141830,134386,205879,105200,100679,70337,36630,33707
"INDIA","19.000000",205594,106532,99062,149318,77015,72303,56276,29517,26759
"INDIA","20.000000",294428,149061,145367,217988,109293,108695,76440,39768,36672
"INDIA","21.000000",212628,111514,101114,151865,78757,73108,60763,32757,28006
"INDIA","22.000000",235107,122733,112374,167393,86105,81288,67714,36628,31086
"INDIA","23.000000",205050,106836,98214,142595,72737,69858,62455,34099,28356
"INDIA","24.000000",213700,113434,100266,147520,76400,71120,66180,37034,29146
"INDIA","25.000000",290870,152478,138392,205737,105102,100635,85133,47376,37757
"INDIA","26.000000",224486,122473,102013,153001,80857,72144,71485,41616,29869
"INDIA","27.000000",184403,103066,81337,121522,66020,55502,62881,37046,25835
"INDIA","28.000000",231270,120577,110693,156976,78986,77990,74294,41591,32703
"INDIA","29.000000",155093,85965,69128,101332,54579,46753,53761,31386,22375
"INDIA","30.000000",315601,163327,152274,223999,113964,110035,91602,49363,42239
"INDIA","31.000000",158901,89361,69540,107617,59479,48138,51284,29882,21402
"INDIA","32.000000",172720,93527,79193,118056,62812,55244,54664,30715,23949
"INDIA","33.000000",138758,74486,64272,93232,48705,44527,45526,25781,19745
"INDIA","34.000000",140923,75045,65878,93233,48102,45131,47690,26943,20747
"INDIA","35.000000",269235,141081,128154,188174,97149,91025,81061,43932,37129
"INDIA","36.000000",164918,89010,75908,112477,59629,52848,52441,29381,23060
"INDIA","37.000000",122478,66859,55619,80732,43341,37391,41746,23518,18228
"INDIA","38.000000",170377,84337,86040,115887,56181,59706,54490,28156,26334
"INDIA","39.000000",110937,59978,50959,71555,37968,33587,39382,22010,17372
"INDIA","40.000000",281352,151283,130069,198448,104941,93507,82904,46342,36562
"INDIA","41.000000",122678,70095,52583,81602,45766,35836,41076,24329,16747
"INDIA","42.000000",124348,68427,55921,82683,44588,38095,41665,23839,17826
"INDIA","43.000000",95510,49814,45696,62340,31548,30792,33170,18266,14904
"INDIA","44.000000",90197,48120,42077,58149,30145,28004,32048,17975,14073
"INDIA","45.000000",231044,122222,108822,160147,83383,76764,70897,38839,32058
"INDIA","46.000000",110970,60612,50358,74180,39926,34254,36790,20686,16104
"INDIA","47.000000",74636,40522,34114,47769,25640,22129,26867,14882,11985
"INDIA","48.000000",109079,53496,55583,72953,34846,38107,36126,18650,17476
"INDIA","49.000000",65061,34708,30353,40910,21241,19669,24151,13467,10684
"INDIA","50.000000",221093,118640,102453,158503,84632,73871,62590,34008,28582
"INDIA","51.000000",80256,46232,34024,54209,31118,23091,26047,15114,10933
"INDIA","52.000000",65736,36420,29316,42886,23834,19052,22850,12586,10264
"INDIA","53.000000",50576,27377,23199,32575,17474,15101,18001,9903,8098
"INDIA","54.000000",50905,26930,23975,31819,16746,15073,19086,10184,8902
"INDIA","55.000000",144150,70840,73310,101649,49893,51756,42501,20947,21554
"INDIA","56.000000",65779,35330,30449,43369,23303,20066,22410,12027,10383
"INDIA","57.000000",39082,21625,17457,24271,13439,10832,14811,8186,6625
"INDIA","58.000000",55026,26040,28986,36217,16691,19526,18809,9349,9460
"INDIA","59.000000",35994,18918,17076,21989,11315,10674,14005,7603,6402
"INDIA","60.000000",167972,87926,80046,122260,64082,58178,45712,23844,21868
"INDIA","61.000000",55358,31047,24311,38327,21566,16761,17031,9481,7550
"INDIA","62.000000",38615,21300,17315,25855,14128,11727,12760,7172,5588
"INDIA","63.000000",33660,18777,14883,22255,12393,9862,11405,6384,5021
"INDIA","64.000000",27121,14377,12744,17308,9071,8237,9813,5306,4507
"INDIA","65.000000",103476,51088,52388,74091,36800,37291,29385,14288,15097
"INDIA","66.000000",37322,19876,17446,25724,13748,11976,11598,6128,5470
"INDIA","67.000000",18463,10128,8335,11914,6486,5428,6549,3642,2907
"INDIA","68.000000",26604,12389,14215,17715,7974,9741,8889,4415,4474
"INDIA","69.000000",18100,9262,8838,11276,5772,5504,6824,3490,3334
"INDIA","70.000000",114696,59667,55029,85083,45039,40044,29613,14628,14985
"INDIA","71.000000",32475,18003,14472,23309,13079,10230,9166,4924,4242
"INDIA","72.000000",16043,8797,7246,10665,5864,4801,5378,2933,2445
"INDIA","73.000000",10565,5651,4914,6762,3554,3208,3803,2097,1706
"INDIA","74.000000",10240,5354,4886,6265,3241,3024,3975,2113,1862
"INDIA","75.000000",47754,23725,24029,34089,17091,16998,13665,6634,7031
"INDIA","76.000000",15530,8201,7329,10577,5621,4956,4953,2580,2373
"INDIA","77.000000",6362,3397,2965,4161,2189,1972,2201,1208,993
"INDIA","78.000000",8725,4288,4437,5859,2870,2989,2866,1418,1448
"INDIA","79.000000",6705,3483,3222,4232,2209,2023,2473,1274,1199
"INDIA","80.000000",48449,24489,23960,37257,19216,18041,11192,5273,5919
"INDIA","81.000000",13022,6895,6127,9601,5200,4401,3421,1695,1726
"INDIA","82.000000",4616,2507,2109,3137,1707,1430,1479,800,679
"INDIA","83.000000",2973,1633,1340,1978,1088,890,995,545,450
"INDIA","84.000000",3156,1721,1435,2000,1100,900,1156,621,535
"INDIA","85.000000",13443,6710,6733,9749,4985,4764,3694,1725,1969
"INDIA","86.000000",4251,2303,1948,2962,1648,1314,1289,655,634
"INDIA","87.000000",1673,950,723,1087,623,464,586,327,259
"INDIA","88.000000",2000,1044,956,1329,705,624,671,339,332
"INDIA","89.000000",1611,845,766,1057,557,500,554,288,266
"INDIA","90.000000",11635,6022,5613,9259,4889,4370,2376,1133,1243
"INDIA","91.000000",3019,1614,1405,2358,1288,1070,661,326,335
"INDIA","92.000000",1013,548,465,714,381,333,299,167,132
"INDIA","93.000000",641,355,286,434,246,188,207,109,98
"INDIA","94.000000",624,334,290,429,235,194,195,99,96
"INDIA","95.000000",2397,1209,1188,1877,948,929,520,261,259
"INDIA","96.000000",1046,565,481,790,433,357,256,132,124
"INDIA","97.000000",428,238,190,288,145,143,140,93,47
"INDIA","98.000000",712,394,318,537,300,237,175,94,81
"INDIA","99.000000",679,394,285,546,326,220,133,68,65
"INDIA","100+",9482,5074,4408,6853,3692,3161,2629,1382,1247
"INDIA","Age not stated",15119,9747,5372,10843,6859,3984,4276,2888,1388
"INDIA","All ages",6864602,3481873,3382729,6176050,3110345,3065705,688552,371528,317024
"INDIA","0.000000",101835,53261,48574,94406,49373,45033,7429,3888,3541
"INDIA","1.000000",113916,59961,53955,104829,55172,49657,9087,4789,4298
"INDIA","2.000000",107317,55969,51348,98582,51317,47265,8735,4652,4083
"INDIA","3.000000",110322,57322,53000,101117,52499,48618,9205,4823,4382
"INDIA","4.000000",111594,58498,53096,101997,53382,48615,9597,5116,4481
"INDIA","5.000000",117679,61890,55789,107195,56236,50959,10484,5654,4830
"INDIA","6.000000",115235,60558,54677,104696,54875,49821,10539,5683,4856
"INDIA","7.000000",122039,63842,58197,111185,58014,53171,10854,5828,5026
"INDIA","8.000000",117124,61593,55531,106293,55716,50577,10831,5877,4954
"INDIA","9.000000",119100,63574,55526,108190,57600,50590,10910,5974,4936
"INDIA","10.000000",134596,71647,62949,122334,64852,57482,12262,6795,5467
"INDIA","11.000000",127447,67693,59754,115507,61000,54507,11940,6693,5247
"INDIA","12.000000",125830,66799,59031,114237,60324,53913,11593,6475,5118
"INDIA","13.000000",124125,65336,58789,112678,59005,53673,11447,6331,5116
"INDIA","14.000000",127226,66765,60461,115509,60319,55190,11717,6446,5271
"INDIA","15.000000",127378,67225,60153,115114,60443,54671,12264,6782,5482
"INDIA","16.000000",126410,66658,59752,114081,59746,54335,12329,6912,5417
"INDIA","17.000000",124585,65721,58864,112339,59015,53324,12246,6706,5540
"INDIA","18.000000",136759,72265,64494,122520,64005,58515,14239,8260,5979
"INDIA","19.000000",125329,64860,60469,111937,57345,54592,13392,7515,5877
"INDIA","20.000000",135902,69643,66259,121043,61334,59709,14859,8309,6550
"INDIA","21.000000",126638,63969,62669,112829,56431,56398,13809,7538,6271
"INDIA","22.000000",133018,66720,66298,118602,58777,59825,14416,7943,6473
"INDIA","23.000000",123650,61664,61986,109984,54260,55724,13666,7404,6262
"INDIA","24.000000",124658,61724,62934,110981,54365,56616,13677,7359,6318
"INDIA","25.000000",128871,63006,65865,114397,55148,59249,14474,7858,6616
"INDIA","26.000000",121425,59721,61704,107865,52387,55478,13560,7334,6226
"INDIA","27.000000",114008,56142,57866,101455,49364,52091,12553,6778,5775
"INDIA","28.000000",123493,60448,63045,110002,53391,56611,13491,7057,6434
"INDIA","29.000000",101363,50808,50555,89886,44726,45160,11477,6082,5395
"INDIA","30.000000",135071,65731,69340,120600,57989,62611,14471,7742,6729
"INDIA","31.000000",104067,52399,51668,92304,46129,46175,11763,6270,5493
"INDIA","32.000000",110340,54497,55843,97821,48061,49760,12519,6436,6083
"INDIA","33.000000",93801,47270,46531,83163,41684,41479,10638,5586,5052
"INDIA","34.000000",103078,51356,51722,91487,45409,46078,11591,5947,5644
"INDIA","35.000000",128559,63321,65238,114437,55824,58613,14122,7497,6625
"INDIA","36.000000",107410,53799,53611,95265,47474,47791,12145,6325,5820
"INDIA","37.000000",91723,46457,45266,80940,40961,39979,10783,5496,5287
"INDIA","38.000000",108396,52845,55551,96474,46860,49614,11922,5985,5937
"INDIA","39.000000",81878,41808,40070,72159,36787,35372,9719,5021,4698
"INDIA","40.000000",126089,60353,65736,113152,53625,59527,12937,6728,6209
"INDIA","41.000000",83062,42875,40187,72936,37447,35489,10126,5428,4698
"INDIA","42.000000",93789,47054,46735,83036,41253,41783,10753,5801,4952
"INDIA","43.000000",71844,36356,35488,63136,31709,31427,8708,4647,4061
"INDIA","44.000000",70776,35631,35145,62375,31103,31272,8401,4528,3873
"INDIA","45.000000",114338,54723,59615,102653,48391,54262,11685,6332,5353
"INDIA","46.000000",79664,40122,39542,70281,35053,35228,9383,5069,4314
"INDIA","47.000000",64515,33269,31246,56897,29059,27838,7618,4210,3408
"INDIA","48.000000",81011,40409,40602,72100,35635,36465,8911,4774,4137
"INDIA","49.000000",55600,29119,26481,48862,25351,23511,6738,3768,2970
"INDIA","50.000000",108972,49852,59120,99173,44593,54580,9799,5259,4540
"INDIA","51.000000",58977,30779,28198,52177,26876,25301,6800,3903,2897
"INDIA","52.000000",63217,32700,30517,56343,28735,27608,6874,3965,2909
"INDIA","53.000000",48694,25901,22793,42903,22559,20344,5791,3342,2449
"INDIA","54.000000",50827,26492,24335,44815,23029,21786,6012,3463,2549
"INDIA","55.000000",85230,39322,45908,77713,35262,42451,7517,4060,3457
"INDIA","56.000000",56671,29535,27136,50801,26102,24699,5870,3433,2437
"INDIA","57.000000",40289,21949,18340,35616,19133,16483,4673,2816,1857
"INDIA","58.000000",49791,25505,24286,44843,22724,22119,4948,2781,2167
"INDIA","59.000000",34879,18934,15945,31120,16777,14343,3759,2157,1602
"INDIA","60.000000",85300,36833,48467,79385,33923,45462,5915,2910,3005
"INDIA","61.000000",40296,20941,19355,36600,18863,17737,3696,2078,1618
"INDIA","62.000000",41435,21900,19535,37972,20056,17916,3463,1844,1619
"INDIA","63.000000",34977,19812,15165,31628,17923,13705,3349,1889,1460
"INDIA","64.000000",29364,15978,13386,26678,14566,12112,2686,1412,1274
"INDIA","65.000000",62328,27313,35015,58255,25442,32813,4073,1871,2202
"INDIA","66.000000",31639,16313,15326,29100,14964,14136,2539,1349,1190
"INDIA","67.000000",21287,12005,9282,19285,10889,8396,2002,1116,886
"INDIA","68.000000",25399,13304,12095,23150,12089,11061,2249,1215,1034
"INDIA","69.000000",17954,9452,8502,16306,8566,7740,1648,886,762
"INDIA","70.000000",61230,25786,35444,57692,24239,33453,3538,1547,1991
"INDIA","71.000000",23558,11562,11996,21563,10530,11033,1995,1032,963
"INDIA","72.000000",19302,10199,9103,17704,9344,8360,1598,855,743
"INDIA","73.000000",13423,7484,5939,12153,6720,5433,1270,764,506
"INDIA","74.000000",13074,7088,5986,11820,6417,5403,1254,671,583
"INDIA","75.000000",33633,14636,18997,31516,13705,17811,2117,931,1186
"INDIA","76.000000",15135,7517,7618,13893,6889,7004,1242,628,614
"INDIA","77.000000",8530,4766,3764,7683,4285,3398,847,481,366
"INDIA","78.000000",10597,5476,5121,9723,4992,4731,874,484,390
"INDIA","79.000000",7811,4045,3766,7143,3690,3453,668,355,313
"INDIA","80.000000",31612,13028,18584,30010,12367,17643,1602,661,941
"INDIA","81.000000",10589,4737,5852,9900,4434,5466,689,303,386
"INDIA","82.000000",6754,3463,3291,6229,3186,3043,525,277,248
"INDIA","83.000000",4583,2526,2057,4167,2293,1874,416,233,183
"INDIA","84.000000",4545,2410,2135,4108,2168,1940,437,242,195
"INDIA","85.000000",12502,5558,6944,11810,5241,6569,692,317,375
"INDIA","86.000000",5152,2489,2663,4786,2311,2475,366,178,188
"INDIA","87.000000",2702,1479,1223,2460,1351,1109,242,128,114
"INDIA","88.000000",2483,1290,1193,2261,1174,1087,222,116,106
"INDIA","89.000000",1952,1005,947,1806,936,870,146,69,77
"INDIA","90.000000",8388,3501,4887,8023,3361,4662,365,140,225
"INDIA","91.000000",2698,1214,1484,2562,1149,1413,136,65,71
"INDIA","92.000000",1499,724,775,1384,672,712,115,52,63
"INDIA","93.000000",1047,517,530,967,471,496,80,46,34
"INDIA","94.000000",917,456,461,840,424,416,77,32,45
"INDIA","95.000000",2487,1059,1428,2338,1006,1332,149,53,96
"INDIA","96.000000",1127,503,624,1056,467,589,71,36,35
"INDIA","97.000000",630,320,310,573,292,281,57,28,29
"INDIA","98.000000",886,399,487,837,370,467,49,29,20
"INDIA","99.000000",665,269,396,635,260,375,30,9,21
"INDIA","100+",3519,1518,2001,3291,1406,1885,228,112,116
"INDIA","Age not stated",10163,5353,4810,9386,4899,4487,777,454,323
"INDIA","All ages",27743338,14639465,13103873,17344192,9093476,8250716,10399146,5545989,4853157
"INDIA","0.000000",419950,226929,193021,270157,146275,123882,149793,80654,69139
"INDIA","1.000000",424623,229359,195264,268050,145082,122968,156573,84277,72296
"INDIA","2.000000",418369,224550,193819,264941,142632,122309,153428,81918,71510
"INDIA","3.000000",433177,232219,200958,272831,146712,126119,160346,85507,74839
"INDIA","4.000000",437410,236899,200511,275390,149283,126107,162020,87616,74404
"INDIA","5.000000",478770,262314,216456,301210,165068,136142,177560,97246,80314
"INDIA","6.000000",463920,253724,210196,292923,160245,132678,170997,93479,77518
"INDIA","7.000000",483280,262427,220853,308113,167169,140944,175167,95258,79909
"INDIA","8.000000",479447,263834,215613,307651,169036,138615,171796,94798,76998
"INDIA","9.000000",462602,259383,203219,297125,166387,130738,165477,92996,72481
"INDIA","10.000000",537024,303757,233267,341230,192450,148780,195794,111307,84487
"INDIA","11.000000",488177,274903,213274,313362,176351,137011,174815,98552,76263
"INDIA","12.000000",516955,289167,227788,335091,187214,147877,181864,101953,79911
"INDIA","13.000000",510841,283488,227353,332939,183924,149015,177902,99564,78338
"INDIA","14.000000",530405,294215,236190,346206,191427,154779,184199,102788,81411
"INDIA","15.000000",555725,309954,245771,361212,200124,161088,194513,109830,84683
"INDIA","16.000000",562167,311992,250175,367557,202731,164826,194610,109261,85349
"INDIA","17.000000",536919,299464,237455,347961,192977,154984,188958,106487,82471
"INDIA","18.000000",631613,355581,276032,404442,225644,178798,227171,129937,97234
"INDIA","19.000000",531259,293189,238070,333255,182355,150900,198004,110834,87170
"INDIA","20.000000",646561,351177,295384,408611,219330,189281,237950,131847,106103
"INDIA","21.000000",523412,280599,242813,321339,169752,151587,202073,110847,91226
"INDIA","22.000000",579848,308178,271670,358999,188882,170117,220849,119296,101553
"INDIA","23.000000",509328,261379,247949,307680,155336,152344,201648,106043,95605
"INDIA","24.000000",517487,264198,253289,310204,155439,154765,207283,108759,98524
"INDIA","25.000000",594548,312371,282177,357033,186353,170680,237515,126018,111497
"INDIA","26.000000",518816,268889,249927,304999,155373,149626,213817,113516,100301
"INDIA","27.000000",434432,226483,207949,251482,128930,122552,182950,97553,85397
"INDIA","28.000000",537176,267452,269724,324109,157436,166673,213067,110016,103051
"INDIA","29.000000",378889,195210,183679,217833,110104,107729,161056,85106,75950
"INDIA","30.000000",641634,337776,303858,393828,206244,187584,247806,131532,116274
"INDIA","31.000000",356111,185695,170416,201574,103450,98124,154537,82245,72292
"INDIA","32.000000",432768,218956,213812,262111,130458,131653,170657,88498,82159
"INDIA","33.000000",329600,161373,168227,196492,93383,103109,133108,67990,65118
"INDIA","34.000000",356426,178733,177693,209501,102733,106768,146925,76000,70925
"INDIA","35.000000",604725,329430,275295,372882,203520,169362,231843,125910,105933
"INDIA","36.000000",377695,194107,183588,223276,113624,109652,154419,80483,73936
"INDIA","37.000000",293692,148252,145440,172115,85793,86322,121577,62459,59118
"INDIA","38.000000",419611,191162,228449,262437,116038,146399,157174,75124,82050
"INDIA","39.000000",293348,147911,145437,172132,85274,86858,121216,62637,58579
"INDIA","40.000000",625910,335462,290448,400822,215071,185751,225088,120391,104697
"INDIA","41.000000",291217,152157,139060,168700,87653,81047,122517,64504,58013
"INDIA","42.000000",352362,175501,176861,217381,106993,110388,134981,68508,66473
"INDIA","43.000000",263782,120446,143336,162303,71841,90462,101479,48605,52874
"INDIA","44.000000",255198,125642,129556,153438,74348,79090,101760,51294,50466
"INDIA","45.000000",573896,311780,262116,361847,198354,163493,212049,113426,98623
"INDIA","46.000000",290871,151309,139562,170780,88672,82108,120091,62637,57454
"INDIA","47.000000",216753,111336,105417,127447,65216,62231,89306,46120,43186
"INDIA","48.000000",306139,140553,165586,188865,84187,104678,117274,56366,60908
"INDIA","49.000000",200112,103157,96955,116003,59154,56849,84109,44003,40106
"INDIA","50.000000",511972,277467,234505,327502,179974,147528,184470,97493,86977
"INDIA","51.000000",204000,111390,92610,115226,63641,51585,88774,47749,41025
"INDIA","52.000000",209925,109384,100541,122251,63405,58846,87674,45979,41695
"INDIA","53.000000",161156,80432,80724,91252,44052,47200,69904,36380,33524
"INDIA","54.000000",167411,84991,82420,93626,46791,46835,73785,38200,35585
"INDIA","55.000000",350969,182554,168415,218108,114148,103960,132861,68406,64455
"INDIA","56.000000",184970,100356,84614,104512,56713,47799,80458,43643,36815
"INDIA","57.000000",121770,64252,57518,68055,35300,32755,53715,28952,24763
"INDIA","58.000000",176178,77418,98760,107588,43846,63742,68590,33572,35018
"INDIA","59.000000",122668,61265,61403,70883,33789,37094,51785,27476,24309
"INDIA","60.000000",411681,200799,210882,279210,135747,143463,132471,65052,67419
"INDIA","61.000000",154524,76438,78086,93965,44942,49023,60559,31496,29063
"INDIA","62.000000",166385,78233,88152,111906,50456,61450,54479,27777,26702
"INDIA","63.000000",140619,65962,74657,90568,40352,50216,50051,25610,24441
"INDIA","64.000000",123381,61051,62330,79080,38328,40752,44301,22723,21578
"INDIA","65.000000",335024,171712,163312,237908,124166,113742,97116,47546,49570
"INDIA","66.000000",127308,68940,58368,84949,46543,38406,42359,22397,19962
"INDIA","67.000000",75649,42908,32741,49505,28019,21486,26144,14889,11255
"INDIA","68.000000",108458,50885,57573,75463,34042,41421,32995,16843,16152
"INDIA","69.000000",73149,38361,34788,48286,25054,23232,24863,13307,11556
"INDIA","70.000000",287428,151263,136165,209391,112996,96395,78037,38267,39770
"INDIA","71.000000",83464,44859,38605,54746,29895,24851,28718,14964,13754
"INDIA","72.000000",59922,32307,27615,39449,21153,18296,20473,11154,9319
"INDIA","73.000000",41327,21602,19725,26461,13408,13053,14866,8194,6672
"INDIA","74.000000",41331,22089,19242,26070,13669,12401,15261,8420,6841
"INDIA","75.000000",130215,65469,64746,92361,47450,44911,37854,18019,19835
"INDIA","76.000000",45358,23760,21598,29594,15596,13998,15764,8164,7600
"INDIA","77.000000",21980,12086,9894,13728,7308,6420,8252,4778,3474
"INDIA","78.000000",32546,15365,17181,22182,9898,12284,10364,5467,4897
"INDIA","79.000000",26567,13523,13044,18107,9112,8995,8460,4411,4049
"INDIA","80.000000",126592,61519,65073,95394,47386,48008,31198,14133,17065
"INDIA","81.000000",34526,17380,17146,23957,12157,11800,10569,5223,5346
"INDIA","82.000000",18956,10109,8847,12836,6778,6058,6120,3331,2789
"INDIA","83.000000",12713,6632,6081,8371,4224,4147,4342,2408,1934
"INDIA","84.000000",13548,6983,6565,9041,4605,4436,4507,2378,2129
"INDIA","85.000000",46084,22324,23760,33554,16625,16929,12530,5699,6831
"INDIA","86.000000",14830,7615,7215,10010,5159,4851,4820,2456,2364
"INDIA","87.000000",6286,3415,2871,4063,2173,1890,2223,1242,981
"INDIA","88.000000",7205,3544,3661,4927,2354,2573,2278,1190,1088
"INDIA","89.000000",6826,3382,3444,4785,2368,2417,2041,1014,1027
"INDIA","90.000000",33835,15730,18105,26156,12414,13742,7679,3316,4363
"INDIA","91.000000",9228,4361,4867,6548,3150,3398,2680,1211,1469
"INDIA","92.000000",4039,2087,1952,2788,1433,1355,1251,654,597
"INDIA","93.000000",2681,1435,1246,1839,973,866,842,462,380
"INDIA","94.000000",3091,1567,1524,2102,1068,1034,989,499,490
"INDIA","95.000000",9040,4292,4748,6883,3299,3584,2157,993,1164
"INDIA","96.000000",3787,1870,1917,2710,1364,1346,1077,506,571
"INDIA","97.000000",1907,953,954,1346,659,687,561,294,267
"INDIA","98.000000",2986,1380,1606,2238,1041,1197,748,339,409
"INDIA","99.000000",2300,933,1367,1768,716,1052,532,217,315
"INDIA","100+",19041,8539,10502,13465,5877,7588,5576,2662,2914
"INDIA","Age not stated",41522,22272,19250,29610,15833,13777,11912,6439,5473
"INDIA","All ages",1055450,580663,474787,28991,17150,11841,1026459,563513,462946
"INDIA","0.000000",15732,8283,7449,547,289,258,15185,7994,7191
"INDIA","1.000000",15745,8325,7420,620,318,302,15125,8007,7118
"INDIA","2.000000",16374,8649,7725,624,336,288,15750,8313,7437
"INDIA","3.000000",16938,8951,7987,648,334,314,16290,8617,7673
"INDIA","4.000000",17065,9139,7926,582,334,248,16483,8805,7678
"INDIA","5.000000",19164,10292,8872,620,336,284,18544,9956,8588
"INDIA","6.000000",18416,9897,8519,629,335,294,17787,9562,8225
"INDIA","7.000000",18624,9987,8637,596,332,264,18028,9655,8373
"INDIA","8.000000",17271,9413,7858,555,298,257,16716,9115,7601
"INDIA","9.000000",17719,9666,8053,521,271,250,17198,9395,7803
"INDIA","10.000000",20360,11410,8950,615,350,265,19745,11060,8685
"INDIA","11.000000",18296,10180,8116,547,302,245,17749,9878,7871
"INDIA","12.000000",18673,10461,8212,499,299,200,18174,10162,8012
"INDIA","13.000000",17752,9846,7906,427,232,195,17325,9614,7711
"INDIA","14.000000",18383,10243,8140,449,238,211,17934,10005,7929
"INDIA","15.000000",18938,10603,8335,512,302,210,18426,10301,8125
"INDIA","16.000000",19554,11116,8438,505,324,181,19049,10792,8257
"INDIA","17.000000",19116,11139,7977,461,284,177,18655,10855,7800
"INDIA","18.000000",24660,14792,9868,691,486,205,23969,14306,9663
"INDIA","19.000000",22150,12871,9279,596,391,205,21554,12480,9074
"INDIA","20.000000",26129,14939,11190,757,497,260,25372,14442,10930
"INDIA","21.000000",23595,13333,10262,594,389,205,23001,12944,10057
"INDIA","22.000000",25251,14452,10799,765,484,281,24486,13968,10518
"INDIA","23.000000",23272,12874,10398,733,445,288,22539,12429,10110
"INDIA","24.000000",22997,12869,10128,744,440,304,22253,12429,9824
"INDIA","25.000000",26360,14979,11381,951,595,356,25409,14384,11025
"INDIA","26.000000",24134,13207,10927,798,459,339,23336,12748,10588
"INDIA","27.000000",20001,11085,8916,714,420,294,19287,10665,8622
"INDIA","28.000000",22493,12102,10391,813,466,347,21680,11636,10044
"INDIA","29.000000",17249,9321,7928,530,320,210,16719,9001,7718
"INDIA","30.000000",25422,14097,11325,1014,608,406,24408,13489,10919
"INDIA","31.000000",17414,9597,7817,558,339,219,16856,9258,7598
"INDIA","32.000000",18189,9950,8239,639,417,222,17550,9533,8017
"INDIA","33.000000",14619,7808,6811,450,271,179,14169,7537,6632
"INDIA","34.000000",15159,8173,6986,440,267,173,14719,7906,6813
"INDIA","35.000000",23360,13175,10185,758,489,269,22602,12686,9916
"INDIA","36.000000",17968,9818,8150,505,307,198,17463,9511,7952
"INDIA","37.000000",13544,7293,6251,370,242,128,13174,7051,6123
"INDIA","38.000000",16245,8545,7700,400,245,155,15845,8300,7545
"INDIA","39.000000",12555,6735,5820,288,172,116,12267,6563,5704
"INDIA","40.000000",20723,11551,9172,595,365,230,20128,11186,8942
"INDIA","41.000000",13938,7664,6274,272,170,102,13666,7494,6172
"INDIA","42.000000",13534,7194,6340,298,181,117,13236,7013,6223
"INDIA","43.000000",10815,5598,5217,223,134,89,10592,5464,5128
"INDIA","44.000000",9911,5261,4650,159,97,62,9752,5164,4588
"INDIA","45.000000",18245,10196,8049,390,239,151,17855,9957,7898
"INDIA","46.000000",12997,7090,5907,212,139,73,12785,6951,5834
"INDIA","47.000000",9598,5140,4458,134,85,49,9464,5055,4409
"INDIA","48.000000",11178,5854,5324,202,113,89,10976,5741,5235
"INDIA","49.000000",8334,4613,3721,111,62,49,8223,4551,3672
"INDIA","50.000000",14277,7883,6394,307,172,135,13970,7711,6259
"INDIA","51.000000",9710,5458,4252,131,80,51,9579,5378,4201
"INDIA","52.000000",8511,4796,3715,117,73,44,8394,4723,3671
"INDIA","53.000000",7249,4012,3237,81,40,41,7168,3972,3196
"INDIA","54.000000",7195,3959,3236,87,50,37,7108,3909,3199
"INDIA","55.000000",10404,5813,4591,165,87,78,10239,5726,4513
"INDIA","56.000000",8305,4782,3523,130,76,54,8175,4706,3469
"INDIA","57.000000",5615,3317,2298,56,31,25,5559,3286,2273
"INDIA","58.000000",6109,3329,2780,100,49,51,6009,3280,2729
"INDIA","59.000000",4492,2504,1988,52,29,23,4440,2475,1965
"INDIA","60.000000",8499,4361,4138,187,102,85,8312,4259,4053
"INDIA","61.000000",5344,2784,2560,97,54,43,5247,2730,2517
"INDIA","62.000000",4333,2344,1989,97,58,39,4236,2286,1950
"INDIA","63.000000",4262,2222,2040,63,35,28,4199,2187,2012
"INDIA","64.000000",3363,1819,1544,37,28,9,3326,1791,1535
"INDIA","65.000000",5276,2606,2670,105,52,53,5171,2554,2617
"INDIA","66.000000",3538,1854,1684,63,37,26,3475,1817,1658
"INDIA","67.000000",2319,1284,1035,32,22,10,2287,1262,1025
"INDIA","68.000000",2624,1363,1261,40,21,19,2584,1342,1242
"INDIA","69.000000",2082,1143,939,15,8,7,2067,1135,932
"INDIA","70.000000",4046,2039,2007,87,43,44,3959,1996,1963
"INDIA","71.000000",2531,1330,1201,43,25,18,2488,1305,1183
"INDIA","72.000000",1848,989,859,20,10,10,1828,979,849
"INDIA","73.000000",1475,812,663,19,13,6,1456,799,657
"INDIA","74.000000",1485,828,657,12,5,7,1473,823,650
"INDIA","75.000000",2201,1047,1154,37,20,17,2164,1027,1137
"INDIA","76.000000",1382,720,662,17,10,7,1365,710,655
"INDIA","77.000000",1039,547,492,9,6,3,1030,541,489
"INDIA","78.000000",983,507,476,8,5,3,975,502,473
"INDIA","79.000000",817,434,383,4,2,2,813,432,381
"INDIA","80.000000",1638,753,885,26,18,8,1612,735,877
"INDIA","81.000000",910,437,473,16,8,8,894,429,465
"INDIA","82.000000",677,360,317,4,2,2,673,358,315
"INDIA","83.000000",486,274,212,8,5,3,478,269,209
"INDIA","84.000000",496,288,208,2,1,1,494,287,207
"INDIA","85.000000",731,330,401,13,2,11,718,328,390
"INDIA","86.000000",473,225,248,5,3,2,468,222,246
"INDIA","87.000000",266,162,104,2,2,0,264,160,104
"INDIA","88.000000",236,144,92,1,0,1,235,144,91
"INDIA","89.000000",203,109,94,2,1,1,201,108,93
"INDIA","90.000000",369,171,198,4,4,0,365,167,198
"INDIA","91.000000",220,103,117,2,1,1,218,102,116
"INDIA","92.000000",129,62,67,2,1,1,127,61,66
"INDIA","93.000000",82,46,36,0,0,0,82,46,36
"INDIA","94.000000",84,41,43,1,0,1,83,41,42
"INDIA","95.000000",108,41,67,1,0,1,107,41,66
"INDIA","96.000000",101,52,49,4,1,3,97,51,46
"INDIA","97.000000",52,22,30,1,1,0,51,21,30
"INDIA","98.000000",73,41,32,1,0,1,72,41,31
"INDIA","99.000000",44,21,23,4,1,3,40,20,20
"INDIA","100+",253,118,135,7,4,3,246,114,132
"INDIA","Age not stated",346,201,145,6,4,2,340,197,143
"INDIA","All ages",10086292,5137773,4948519,7036954,3519042,3517912,3049338,1618731,1430607
"INDIA","0.000000",172766,92117,80649,128337,68375,59962,44429,23742,20687
"INDIA","1.000000",177018,94371,82647,129591,68770,60821,47427,25601,21826
"INDIA","2.000000",184772,97265,87507,135427,70996,64431,49345,26269,23076
"INDIA","3.000000",193915,101245,92670,141213,73540,67673,52702,27705,24997
"INDIA","4.000000",196393,103990,92403,142725,75256,67469,53668,28734,24934
"INDIA","5.000000",218067,116064,102003,159161,84268,74893,58906,31796,27110
"INDIA","6.000000",212883,112147,100736,154322,80587,73735,58561,31560,27001
"INDIA","7.000000",210340,110555,99785,152454,79455,72999,57886,31100,26786
"INDIA","8.000000",216896,114848,102048,158202,83099,75103,58694,31749,26945
"INDIA","9.000000",200615,106565,94050,146443,76846,69597,54172,29719,24453
"INDIA","10.000000",250302,134113,116189,181771,96251,85520,68531,37862,30669
"INDIA","11.000000",215036,114025,101011,156931,82153,74778,58105,31872,26233
"INDIA","12.000000",236362,124845,111517,173745,90621,83124,62617,34224,28393
"INDIA","13.000000",214935,111390,103545,157053,80262,76791,57882,31128,26754
"INDIA","14.000000",228708,118901,109807,165918,85291,80627,62790,33610,29180
"INDIA","15.000000",233790,121583,112207,168529,86504,82025,65261,35079,30182
"INDIA","16.000000",230111,119257,110854,165057,84160,80897,65054,35097,29957
"INDIA","17.000000",207201,108809,98392,145509,75319,70190,61692,33490,28202
"INDIA","18.000000",254384,135318,119066,177577,92407,85170,76807,42911,33896
"INDIA","19.000000",198624,103516,95108,136226,68679,67547,62398,34837,27561
"INDIA","20.000000",238836,121872,116964,161696,79592,82104,77140,42280,34860
"INDIA","21.000000",184167,93716,90451,122489,59940,62549,61678,33776,27902
"INDIA","22.000000",205798,103140,102658,138094,66903,71191,67704,36237,31467
"INDIA","23.000000",165947,80429,85518,110083,51386,58697,55864,29043,26821
"INDIA","24.000000",175320,85457,89863,115665,54610,61055,59655,30847,28808
"INDIA","25.000000",208090,102214,105876,137501,66092,71409,70589,36122,34467
"INDIA","26.000000",168971,83362,85609,110667,53223,57444,58304,30139,28165
"INDIA","27.000000",137729,68083,69646,88914,42914,46000,48815,25169,23646
"INDIA","28.000000",176067,84576,91491,116591,54263,62328,59476,30313,29163
"INDIA","29.000000",119327,59128,60199,76081,36785,39296,43246,22343,20903
"INDIA","30.000000",224736,110763,113973,149942,71942,78000,74794,38821,35973
"INDIA","31.000000",109814,55775,54039,69590,34610,34980,40224,21165,19059
"INDIA","32.000000",144969,71548,73421,96664,46760,49904,48305,24788,23517
"INDIA","33.000000",103501,50277,53224,68561,32723,35838,34940,17554,17386
"INDIA","34.000000",115280,57064,58216,74399,35855,38544,40881,21209,19672
"INDIA","35.000000",212511,109759,102752,141770,71791,69979,70741,37968,32773
"INDIA","36.000000",129172,64303,64869,85724,41880,43844,43448,22423,21025
"INDIA","37.000000",95734,47112,48622,62738,30550,32188,32996,16562,16434
"INDIA","38.000000",137469,64319,73150,92806,42418,50388,44663,21901,22762
"INDIA","39.000000",90614,45341,45273,58310,28603,29707,32304,16738,15566
"INDIA","40.000000",213652,108487,105165,146323,72978,73345,67329,35509,31820
"INDIA","41.000000",89729,46665,43064,58010,29722,28288,31719,16943,14776
"INDIA","42.000000",110565,55030,55535,74572,36467,38105,35993,18563,17430
"INDIA","43.000000",73946,35780,38166,48441,22820,25621,25505,12960,12545
"INDIA","44.000000",78817,39569,39248,51306,25073,26233,27511,14496,13015
"INDIA","45.000000",179151,91677,87474,121595,60911,60684,57556,30766,26790
"INDIA","46.000000",89054,45213,43841,58533,29180,29353,30521,16033,14488
"INDIA","47.000000",65054,33337,31717,42090,21021,21069,22964,12316,10648
"INDIA","48.000000",94848,46191,48657,64058,30114,33944,30790,16077,14713
"INDIA","49.000000",61270,31564,29706,39624,19729,19895,21646,11835,9811
"INDIA","50.000000",160641,79265,81376,112836,53917,58919,47805,25348,22457
"INDIA","51.000000",63390,33852,29538,41573,21614,19959,21817,12238,9579
"INDIA","52.000000",68543,35617,32926,46774,23687,23087,21769,11930,9839
"INDIA","53.000000",48882,25324,23558,32245,16102,16143,16637,9222,7415
"INDIA","54.000000",55702,27966,27736,36646,17717,18929,19056,10249,8807
"INDIA","55.000000",118112,53848,64264,83638,36535,47103,34474,17313,17161
"INDIA","56.000000",59081,28603,30478,40094,18605,21489,18987,9998,8989
"INDIA","57.000000",40656,20405,20251,27186,12960,14226,13470,7445,6025
"INDIA","58.000000",56285,26358,29927,39839,17777,22062,16446,8581,7865
"INDIA","59.000000",44327,22651,21676,30609,15085,15524,13718,7566,6152
"INDIA","60.000000",141424,64780,76644,106937,48049,58888,34487,16731,17756
"INDIA","61.000000",53277,27415,25862,38761,19586,19175,14516,7829,6687
"INDIA","62.000000",57520,29896,27624,43789,22513,21276,13731,7383,6348
"INDIA","63.000000",38856,21311,17545,27964,15151,12813,10892,6160,4732
"INDIA","64.000000",37979,19818,18161,27340,13964,13376,10639,5854,4785
"INDIA","65.000000",99540,46235,53305,76315,34810,41505,23225,11425,11800
"INDIA","66.000000",39536,20326,19210,29050,14625,14425,10486,5701,4785
"INDIA","67.000000",23723,13062,10661,16840,9025,7815,6883,4037,2846
"INDIA","68.000000",31402,15996,15406,23145,11449,11696,8257,4547,3710
"INDIA","69.000000",24558,12793,11765,17752,8931,8821,6806,3862,2944
"INDIA","70.000000",84656,39139,45517,66236,30127,36109,18420,9012,9408
"INDIA","71.000000",26729,13729,13000,19874,10007,9867,6855,3722,3133
"INDIA","72.000000",22692,12002,10690,17199,8916,8283,5493,3086,2407
"INDIA","73.000000",13819,7708,6111,10071,5460,4611,3748,2248,1500
"INDIA","74.000000",15547,8392,7155,11527,6095,5432,4020,2297,1723
"INDIA","75.000000",39794,18064,21730,30850,13868,16982,8944,4196,4748
"INDIA","76.000000",16044,7924,8120,12065,5947,6118,3979,1977,2002
"INDIA","77.000000",8764,4754,4010,6481,3418,3063,2283,1336,947
"INDIA","78.000000",11187,5646,5541,8518,4190,4328,2669,1456,1213
"INDIA","79.000000",8857,4449,4408,6647,3274,3373,2210,1175,1035
"INDIA","80.000000",32340,14007,18333,25787,11216,14571,6553,2791,3762
"INDIA","81.000000",9595,4511,5084,7149,3322,3827,2446,1189,1257
"INDIA","82.000000",6959,3483,3476,5250,2640,2610,1709,843,866
"INDIA","83.000000",4239,2172,2067,3061,1578,1483,1178,594,584
"INDIA","84.000000",4802,2439,2363,3492,1765,1727,1310,674,636
"INDIA","85.000000",11493,5096,6397,8711,3871,4840,2782,1225,1557
"INDIA","86.000000",4584,2255,2329,3326,1618,1708,1258,637,621
"INDIA","87.000000",2380,1260,1120,1685,902,783,695,358,337
"INDIA","88.000000",2377,1167,1210,1709,824,885,668,343,325
"INDIA","89.000000",1879,912,967,1346,661,685,533,251,282
"INDIA","90.000000",6419,2720,3699,4925,2108,2817,1494,612,882
"INDIA","91.000000",2479,1158,1321,1715,806,909,764,352,412
"INDIA","92.000000",1596,749,847,1109,509,600,487,240,247
"INDIA","93.000000",898,447,451,599,299,300,299,148,151
"INDIA","94.000000",1058,520,538,738,364,374,320,156,164
"INDIA","95.000000",2246,979,1267,1644,720,924,602,259,343
"INDIA","96.000000",1153,556,597,803,391,412,350,165,185
"INDIA","97.000000",717,347,370,492,234,258,225,113,112
"INDIA","98.000000",907,405,502,648,277,371,259,128,131
"INDIA","99.000000",614,275,339,468,208,260,146,67,79
"INDIA","100+",6170,3000,3170,3996,1883,2113,2174,1117,1057
"INDIA","Age not stated",16608,9312,7296,10472,5748,4724,6136,3564,2572
"INDIA","All ages",25351462,13494734,11856728,16509359,8774006,7735353,8842103,4720728,4121375
"INDIA","0.000000",466734,254326,212408,323242,175957,147285,143492,78369,65123
"INDIA","1.000000",468526,256720,211806,315129,172971,142158,153397,83749,69648
"INDIA","2.000000",474646,257396,217250,322444,174826,147618,152202,82570,69632
"INDIA","3.000000",477000,256528,220472,321525,172619,148906,155475,83909,71566
"INDIA","4.000000",475613,258819,216794,320583,174250,146333,155030,84569,70461
"INDIA","5.000000",519990,286865,233125,348180,192130,156050,171810,94735,77075
"INDIA","6.000000",498212,272455,225757,334009,182337,151672,164203,90118,74085
"INDIA","7.000000",497749,270994,226755,333177,181029,152148,164572,89965,74607
"INDIA","8.000000",513907,281655,232252,348535,190498,158037,165372,91157,74215
"INDIA","9.000000",468899,259856,209043,315981,174478,141503,152918,85378,67540
"INDIA","10.000000",573702,320318,253384,386126,214227,171899,187576,106091,81485
"INDIA","11.000000",506884,282039,224845,343636,190067,153569,163248,91972,71276
"INDIA","12.000000",550890,305753,245137,376432,208087,168345,174458,97666,76792
"INDIA","13.000000",508706,277252,231454,346721,188180,158541,161985,89072,72913
"INDIA","14.000000",528496,288774,239722,359944,195525,164419,168552,93249,75303
"INDIA","15.000000",553727,306076,247651,376899,207291,169608,176828,98785,78043
"INDIA","16.000000",545635,302833,242802,372016,205491,166525,173619,97342,76277
"INDIA","17.000000",490393,274242,216151,328020,182705,145315,162373,91537,70836
"INDIA","18.000000",607791,340968,266823,407575,227291,180284,200216,113677,86539
"INDIA","19.000000",479844,263429,216415,315481,171613,143868,164363,91816,72547
"INDIA","20.000000",614449,330697,283752,408674,219197,189477,205775,111500,94275
"INDIA","21.000000",484572,262284,222288,311331,169039,142292,173241,93245,79996
"INDIA","22.000000",535670,290891,244779,347678,190377,157301,187992,100514,87478
"INDIA","23.000000",461656,241904,219752,293805,154375,139430,167851,87529,80322
"INDIA","24.000000",471139,247023,224116,297091,156589,140502,174048,90434,83614
"INDIA","25.000000",568971,305014,263957,361600,197000,164600,207371,108014,99357
"INDIA","26.000000",473539,252401,221138,294546,158745,135801,178993,93656,85337
"INDIA","27.000000",383320,206915,176405,233195,127582,105613,150125,79333,70792
"INDIA","28.000000",497051,250878,246173,314197,158508,155689,182854,92370,90484
"INDIA","29.000000",309078,163132,145946,180703,95894,84809,128375,67238,61137
"INDIA","30.000000",599403,316606,282797,383685,204019,179666,215718,112587,103131
"INDIA","31.000000",293639,156029,137610,170222,91454,78768,123417,64575,58842
"INDIA","32.000000",398901,205197,193704,250920,129157,121763,147981,76040,71941
"INDIA","33.000000",295496,144143,151353,183936,88091,95845,111560,56052,55508
"INDIA","34.000000",306152,154869,151283,185437,92688,92749,120715,62181,58534
"INDIA","35.000000",554447,303559,250888,351504,194679,156825,202943,108880,94063
"INDIA","36.000000",342705,178867,163838,211109,110934,100175,131596,67933,63663
"INDIA","37.000000",255028,132738,122290,154401,81109,73292,100627,51629,48998
"INDIA","38.000000",383744,181199,202545,248310,115087,133223,135434,66112,69322
"INDIA","39.000000",225939,116354,109585,132289,67701,64588,93650,48653,44997
"INDIA","40.000000",562005,305227,256778,368603,201013,167590,193402,104214,89188
"INDIA","41.000000",231401,126026,105375,134959,74080,60879,96442,51946,44496
"INDIA","42.000000",304442,158978,145464,193819,101166,92653,110623,57812,52811
"INDIA","43.000000",212931,100813,112118,133081,60825,72256,79850,39988,39862
"INDIA","44.000000",195171,99537,95634,116907,58872,58035,78264,40665,37599
"INDIA","45.000000",460362,255445,204917,295727,166264,129463,164635,89181,75454
"INDIA","46.000000",227824,121532,106292,135944,72766,63178,91880,48766,43114
"INDIA","47.000000",163889,86253,77636,96418,50592,45826,67471,35661,31810
"INDIA","48.000000",249969,118656,131313,157566,72407,85159,92403,46249,46154
"INDIA","49.000000",139770,73863,65907,79399,41309,38090,60371,32554,27817
"INDIA","50.000000",404314,216063,188251,264879,142656,122223,139435,73407,66028
"INDIA","51.000000",146510,80784,65726,82668,45742,36926,63842,35042,28800
"INDIA","52.000000",169102,89048,80054,102838,53646,49192,66264,35402,30862
"INDIA","53.000000",124375,62294,62081,72395,34398,37997,51980,27896,24084
"INDIA","54.000000",120927,62499,58428,67508,34053,33455,53419,28446,24973
"INDIA","55.000000",273371,140421,132950,174528,89913,84615,98843,50508,48335
"INDIA","56.000000",141379,75622,65757,82846,43850,38996,58533,31772,26761
"INDIA","57.000000",92984,48095,44889,53367,26592,26775,39617,21503,18114
"INDIA","58.000000",150181,65003,85178,97379,39188,58191,52802,25815,26987
"INDIA","59.000000",93023,45068,47955,54768,24801,29967,38255,20267,17988
"INDIA","60.000000",344384,161023,183361,240033,110753,129280,104351,50270,54081
"INDIA","61.000000",135961,66648,69313,88268,42056,46212,47693,24592,23101
"INDIA","62.000000",162539,83756,78783,114411,58709,55702,48128,25047,23081
"INDIA","63.000000",115662,57881,57781,77023,37491,39532,38639,20390,18249
"INDIA","64.000000",85803,44650,41153,54222,27627,26595,31581,17023,14558
"INDIA","65.000000",242107,121779,120328,172992,87772,85220,69115,34007,35108
"INDIA","66.000000",88333,46503,41830,57422,29916,27506,30911,16587,14324
"INDIA","67.000000",51495,28125,23370,32467,17346,15121,19028,10779,8249
"INDIA","68.000000",77022,35656,41366,52387,22975,29412,24635,12681,11954
"INDIA","69.000000",45482,23207,22275,28159,13730,14429,17323,9477,7846
"INDIA","70.000000",205764,100680,105084,150681,74585,76096,55083,26095,28988
"INDIA","71.000000",58886,29990,28896,38562,19588,18974,20324,10402,9922
"INDIA","72.000000",50949,27071,23878,34440,18256,16184,16509,8815,7694
"INDIA","73.000000",30863,15842,15021,19738,9615,10123,11125,6227,4898
"INDIA","74.000000",27699,14721,12978,16977,8730,8247,10722,5991,4731
"INDIA","75.000000",99155,48521,50634,71398,35562,35836,27757,12959,14798
"INDIA","76.000000",35249,17836,17413,23720,11966,11754,11529,5870,5659
"INDIA","77.000000",18195,10039,8156,11892,6421,5471,6303,3618,2685
"INDIA","78.000000",26872,12872,14000,18832,8699,10133,8040,4173,3867
"INDIA","79.000000",16746,8424,8322,11122,5453,5669,5624,2971,2653
"INDIA","80.000000",91038,42611,48427,69264,33168,36096,21774,9443,12331
"INDIA","81.000000",25160,12127,13033,17606,8600,9006,7554,3527,4027
"INDIA","82.000000",17050,8963,8087,12142,6371,5771,4908,2592,2316
"INDIA","83.000000",10292,5388,4904,6858,3519,3339,3434,1869,1565
"INDIA","84.000000",8855,4706,4149,5730,3052,2678,3125,1654,1471
"INDIA","85.000000",33341,15985,17356,24276,12084,12192,9065,3901,5164
"INDIA","86.000000",11483,5859,5624,7806,4100,3706,3677,1759,1918
"INDIA","87.000000",5208,2915,2293,3444,1956,1488,1764,959,805
"INDIA","88.000000",6257,3239,3018,4313,2256,2057,1944,983,961
"INDIA","89.000000",4206,2099,2107,2741,1405,1336,1465,694,771
"INDIA","90.000000",22024,10234,11790,16693,7986,8707,5331,2248,3083
"INDIA","91.000000",6039,2840,3199,4166,1972,2194,1873,868,1005
"INDIA","92.000000",3964,2122,1842,2807,1528,1279,1157,594,563
"INDIA","93.000000",2538,1309,1229,1727,904,823,811,405,406
"INDIA","94.000000",2293,1178,1115,1512,808,704,781,370,411
"INDIA","95.000000",6283,2965,3318,4671,2253,2418,1612,712,900
"INDIA","96.000000",2774,1373,1401,1899,931,968,875,442,433
"INDIA","97.000000",1552,808,744,1056,562,494,496,246,250
"INDIA","98.000000",2242,1047,1195,1608,746,862,634,301,333
"INDIA","99.000000",1460,652,808,1065,486,579,395,166,229
"INDIA","100+",10530,4977,5553,6761,3128,3633,3769,1849,1920
"INDIA","Age not stated",31534,16888,14646,20581,11011,9570,10953,5877,5076
"INDIA","All ages",16787941,8987326,7800615,419042,226321,192721,16368899,8761005,7607894
"INDIA","0.000000",254697,135801,118896,7353,4068,3285,247344,131733,115611
"INDIA","1.000000",271648,145143,126505,7568,4141,3427,264080,141002,123078
"INDIA","2.000000",281664,148868,132796,8084,4449,3635,273580,144419,129161
"INDIA","3.000000",285599,150577,135022,7991,4298,3693,277608,146279,131329
"INDIA","4.000000",287592,153947,133645,8129,4525,3604,279463,149422,130041
"INDIA","5.000000",322952,175420,147532,9183,5159,4024,313769,170261,143508
"INDIA","6.000000",308302,165684,142618,8408,4619,3789,299894,161065,138829
"INDIA","7.000000",306299,163769,142530,8514,4710,3804,297785,159059,138726
"INDIA","8.000000",308389,166754,141635,8534,4705,3829,299855,162049,137806
"INDIA","9.000000",290030,157860,132170,7955,4505,3450,282075,153355,128720
"INDIA","10.000000",363540,199751,163789,10471,5823,4648,353069,193928,159141
"INDIA","11.000000",313738,170780,142958,8562,4770,3792,305176,166010,139166
"INDIA","12.000000",335583,183037,152546,9423,5240,4183,326160,177797,148363
"INDIA","13.000000",310246,166567,143679,8617,4835,3782,301629,161732,139897
"INDIA","14.000000",325040,175311,149729,8810,4811,3999,316230,170500,145730
"INDIA","15.000000",334622,183018,151604,9078,4996,4082,325544,178022,147522
"INDIA","16.000000",327551,179164,148387,8989,4988,4001,318562,174176,144386
"INDIA","17.000000",309686,171583,138103,8211,4707,3504,301475,166876,134599
"INDIA","18.000000",384172,217908,166264,10169,5802,4367,374003,212106,161897
"INDIA","19.000000",311344,173445,137899,7920,4423,3497,303424,169022,134402
"INDIA","20.000000",398344,218155,180189,10523,5631,4892,387821,212524,175297
"INDIA","21.000000",328287,179370,148917,8256,4503,3753,320031,174867,145164
"INDIA","22.000000",374251,202588,171663,9527,5272,4255,364724,197316,167408
"INDIA","23.000000",322571,171041,151530,7797,4057,3740,314774,166984,147790
"INDIA","24.000000",340607,180257,160350,8304,4342,3962,332303,175915,156388
"INDIA","25.000000",411939,215787,196152,10221,5395,4826,401718,210392,191326
"INDIA","26.000000",356500,187815,168685,8455,4376,4079,348045,183439,164606
"INDIA","27.000000",294983,157514,137469,6720,3610,3110,288263,153904,134359
"INDIA","28.000000",362153,188212,173941,8564,4414,4150,353589,183798,169791
"INDIA","29.000000",242751,128868,113883,5290,2789,2501,237461,126079,111382
"INDIA","30.000000",444290,234151,210139,11091,5682,5409,433199,228469,204730
"INDIA","31.000000",237400,128112,109288,5138,2673,2465,232262,125439,106823
"INDIA","32.000000",304453,161530,142923,7361,3755,3606,297092,157775,139317
"INDIA","33.000000",214917,111309,103608,4941,2536,2405,209976,108773,101203
"INDIA","34.000000",233639,122353,111286,5302,2785,2517,228337,119568,108769
"INDIA","35.000000",410699,224792,185907,10662,5815,4847,400037,218977,181060
"INDIA","36.000000",258025,135842,122183,6060,3186,2874,251965,132656,119309
"INDIA","37.000000",200353,105526,94827,4490,2394,2096,195863,103132,92731
"INDIA","38.000000",270093,136171,133922,6461,3171,3290,263632,133000,130632
"INDIA","39.000000",180074,96124,83950,3975,2172,1803,176099,93952,82147
"INDIA","40.000000",384411,211406,173005,10189,5683,4506,374222,205723,168499
"INDIA","41.000000",186329,102086,84243,4069,2295,1774,182260,99791,82469
"INDIA","42.000000",220251,117844,102407,5110,2797,2313,215141,115047,100094
"INDIA","43.000000",154663,79612,75051,3285,1630,1655,151378,77982,73396
"INDIA","44.000000",151543,79910,71633,3309,1775,1534,148234,78135,70099
"INDIA","45.000000",312944,173543,139401,7710,4350,3360,305234,169193,136041
"INDIA","46.000000",176021,94736,81285,3743,2110,1633,172278,92626,79652
"INDIA","47.000000",133935,72645,61290,2584,1442,1142,131351,71203,60148
"INDIA","48.000000",173787,91109,82678,3631,1913,1718,170156,89196,80960
"INDIA","49.000000",114526,63194,51332,2008,1166,842,112518,62028,50490
"INDIA","50.000000",249792,135535,114257,6281,3414,2867,243511,132121,111390
"INDIA","51.000000",117880,65681,52199,2181,1249,932,115699,64432,51267
"INDIA","52.000000",123780,68089,55691,2431,1327,1104,121349,66762,54587
"INDIA","53.000000",97002,53264,43738,1702,937,765,95300,52327,42973
"INDIA","54.000000",99015,53653,45362,1752,990,762,97263,52663,44600
"INDIA","55.000000",171408,89496,81912,4043,2132,1911,167365,87364,80001
"INDIA","56.000000",102959,55451,47508,1940,1038,902,101019,54413,46606
"INDIA","57.000000",74115,40270,33845,1278,681,597,72837,39589,33248
"INDIA","58.000000",92058,46956,45102,1849,886,963,90209,46070,44139
"INDIA","59.000000",68352,37012,31340,1189,635,554,67163,36377,30786
"INDIA","60.000000",181998,86363,95635,5036,2273,2763,176962,84090,92872
"INDIA","61.000000",82653,41977,40676,1885,903,982,80768,41074,39694
"INDIA","62.000000",84901,44348,40553,2143,1106,1037,82758,43242,39516
"INDIA","63.000000",67873,36179,31694,1496,817,679,66377,35362,31015
"INDIA","64.000000",54594,29236,25358,1064,601,463,53530,28635,24895
"INDIA","65.000000",109926,53707,56219,2987,1429,1558,106939,52278,54661
"INDIA","66.000000",52847,27071,25776,1076,538,538,51771,26533,25238
"INDIA","67.000000",35778,19632,16146,645,372,273,35133,19260,15873
"INDIA","68.000000",43455,22587,20868,861,471,390,42594,22116,20478
"INDIA","69.000000",30446,16401,14045,554,315,239,29892,16086,13806
"INDIA","70.000000",81809,38302,43507,2404,1172,1232,79405,37130,42275
"INDIA","71.000000",35350,17754,17596,781,364,417,34569,17390,17179
"INDIA","72.000000",29392,15490,13902,500,262,238,28892,15228,13664
"INDIA","73.000000",21681,11797,9884,325,193,132,21356,11604,9752
"INDIA","74.000000",21018,11604,9414,308,180,128,20710,11424,9286
"INDIA","75.000000",41458,19360,22098,1069,487,582,40389,18873,21516
"INDIA","76.000000",21286,10767,10519,381,190,191,20905,10577,10328
"INDIA","77.000000",12940,7101,5839,181,85,96,12759,7016,5743
"INDIA","78.000000",14576,7720,6856,269,144,125,14307,7576,6731
"INDIA","79.000000",10433,5498,4935,147,74,73,10286,5424,4862
"INDIA","80.000000",30342,12953,17389,975,436,539,29367,12517,16850
"INDIA","81.000000",12373,5826,6547,247,108,139,12126,5718,6408
"INDIA","82.000000",8505,4518,3987,163,83,80,8342,4435,3907
"INDIA","83.000000",6205,3402,2803,113,57,56,6092,3345,2747
"INDIA","84.000000",5603,3041,2562,80,54,26,5523,2987,2536
"INDIA","85.000000",12145,5370,6775,398,199,199,11747,5171,6576
"INDIA","86.000000",5738,2813,2925,134,73,61,5604,2740,2864
"INDIA","87.000000",3299,1901,1398,61,37,24,3238,1864,1374
"INDIA","88.000000",2795,1536,1259,60,35,25,2735,1501,1234
"INDIA","89.000000",2038,1130,908,38,22,16,2000,1108,892
"INDIA","90.000000",6190,2567,3623,230,107,123,5960,2460,3500
"INDIA","91.000000",2954,1406,1548,77,38,39,2877,1368,1509
"INDIA","92.000000",2048,1059,989,55,32,23,1993,1027,966
"INDIA","93.000000",1311,714,597,37,22,15,1274,692,582
"INDIA","94.000000",1269,629,640,38,13,25,1231,616,615
"INDIA","95.000000",2336,1134,1202,82,43,39,2254,1091,1163
"INDIA","96.000000",1509,757,752,54,28,26,1455,729,726
"INDIA","97.000000",907,487,420,23,12,11,884,475,409
"INDIA","98.000000",985,521,464,30,19,11,955,502,453
"INDIA","99.000000",541,249,292,23,10,13,518,239,279
"INDIA","100+",3938,1848,2090,104,54,50,3834,1794,2040
"INDIA","Age not stated",16702,9175,7527,517,281,236,16185,8894,7291
"INDIA","All ages",68548437,35550997,32997440,51500352,26641747,24858605,17048085,8909250,8138835
"INDIA","0.000000",1357306,722108,635198,1080281,574024,506257,277025,148084,128941
"INDIA","1.000000",1369950,733983,635967,1071859,573923,497936,298091,160060,138031
"INDIA","2.000000",1547358,817121,730237,1230353,649630,580723,317005,167491,149514
"INDIA","3.000000",1528130,796994,731136,1205749,628019,577730,322381,168975,153406
"INDIA","4.000000",1499426,788368,711058,1182682,620134,562548,316744,168234,148510
"INDIA","5.000000",1706688,915046,791642,1345995,718634,627361,360693,196412,164281
"INDIA","6.000000",1640646,865556,775090,1297964,682235,615729,342682,183321,159361
"INDIA","7.000000",1523671,802370,721301,1188113,624090,564023,335558,178280,157278
"INDIA","8.000000",1767805,932409,835396,1401479,736168,665311,366326,196241,170085
"INDIA","9.000000",1403928,743492,660436,1092828,575854,516974,311100,167638,143462
"INDIA","10.000000",1973335,1046140,927195,1555926,820171,735755,417409,225969,191440
"INDIA","11.000000",1520709,809002,711707,1181835,627418,554417,338874,181584,157290
"INDIA","12.000000",1799936,955169,844767,1414659,748140,666519,385277,207029,178248
"INDIA","13.000000",1523295,795839,727456,1176802,614099,562703,346493,181740,164753
"INDIA","14.000000",1563243,824546,738697,1207967,636904,571063,355276,187642,167634
"INDIA","15.000000",1619644,867769,751875,1241255,664544,576711,378389,203225,175164
"INDIA","16.000000",1555943,831610,724333,1190644,636615,554029,365299,194995,170304
"INDIA","17.000000",1235765,666499,569266,909561,490892,418669,326204,175607,150597
"INDIA","18.000000",1757598,931689,825909,1326719,700636,626083,430879,231053,199826
"INDIA","19.000000",1145067,592307,552760,828756,425396,403360,316311,166911,149400
"INDIA","20.000000",1791141,934787,856354,1348408,707304,641104,442733,227483,215250
"INDIA","21.000000",1114169,607832,506337,793165,436891,356274,321004,170941,150063
"INDIA","22.000000",1385403,756582,628821,1017575,563101,454474,367828,193481,174347
"INDIA","23.000000",1074210,536706,537504,770791,381964,388827,303419,154742,148677
"INDIA","24.000000",1061571,541576,519995,752822,382414,370408,308749,159162,149587
"INDIA","25.000000",1564127,862408,701719,1146780,647714,499066,417347,214694,202653
"INDIA","26.000000",1039906,546662,493244,734259,386514,347745,305647,160148,145499
"INDIA","27.000000",829737,433504,396233,575295,299645,275650,254442,133859,120583
"INDIA","28.000000",1259430,590952,668478,929389,426949,502440,330041,164003,166038
"INDIA","29.000000",655297,329533,325764,446970,221031,225939,208327,108502,99825
"INDIA","30.000000",1713925,917649,796276,1266318,688769,577549,447607,228880,218727
"INDIA","31.000000",630922,333572,297350,429613,227464,202149,201309,106108,95201
"INDIA","32.000000",994181,495337,498844,725643,359288,366355,268538,136049,132489
"INDIA","33.000000",697686,308887,388799,506966,214681,292285,190720,94206,96514
"INDIA","34.000000",685969,329124,356845,484277,225909,258368,201692,103215,98477
"INDIA","35.000000",1498081,846216,651865,1087057,627559,459498,411024,218657,192367
"INDIA","36.000000",775195,398621,376574,555400,285372,270028,219795,113249,106546
"INDIA","37.000000",557122,273234,283888,390737,188955,201782,166385,84279,82106
"INDIA","38.000000",1005675,438341,567334,753780,319275,434505,251895,119066,132829
"INDIA","39.000000",498491,245378,253113,343421,164673,178748,155070,80705,74365
"INDIA","40.000000",1542695,848707,693988,1145417,639292,506125,397278,209415,187863
"INDIA","41.000000",499225,268010,231215,339455,182468,156987,159770,85542,74228
"INDIA","42.000000",745048,377358,367690,545635,274119,271516,199413,103239,96174
"INDIA","43.000000",500002,215195,284807,361508,147303,214205,138494,67892,70602
"INDIA","44.000000",448385,217646,230739,312786,147412,165374,135599,70234,65365
"INDIA","45.000000",1258366,704064,554302,920327,525170,395157,338039,178894,159145
"INDIA","46.000000",512148,264988,247160,358113,184170,173943,154035,80818,73217
"INDIA","47.000000",379713,185132,194581,263003,123998,139005,116710,61134,55576
"INDIA","48.000000",670726,289959,380767,503585,208329,295256,167141,81630,85511
"INDIA","49.000000",324451,164369,160082,220643,108401,112242,103808,55968,47840
"INDIA","50.000000",1192020,665163,526857,898310,510081,388229,293710,155082,138628
"INDIA","51.000000",340225,191211,149014,230003,129612,100391,110222,61599,48623
"INDIA","52.000000",422944,220700,202244,305609,156836,148773,117335,63864,53471
"INDIA","53.000000",288568,131411,157157,201650,84442,117208,86918,46969,39949
"INDIA","54.000000",273051,136522,136529,182057,87123,94934,90994,49399,41595
"INDIA","55.000000",818593,430930,387663,613274,327762,285512,205319,103168,102151
"INDIA","56.000000",311133,161476,149657,216783,110692,106091,94350,50784,43566
"INDIA","57.000000",207009,99048,107961,142026,63530,78496,64983,35518,29465
"INDIA","58.000000",365938,148269,217669,278224,104148,174076,87714,44121,43593
"INDIA","59.000000",194776,96143,98633,133572,62537,71035,61204,33606,27598
"INDIA","60.000000",914904,466184,448720,718027,370975,347052,196877,95209,101668
"INDIA","61.000000",239423,125354,114069,172054,89417,82637,67369,35937,31432
"INDIA","62.000000",275959,135939,140020,209179,100864,108315,66780,35075,31705
"INDIA","63.000000",183653,81999,101654,133070,54657,78413,50583,27342,23241
"INDIA","64.000000",156200,74548,81652,110999,50359,60640,45201,24189,21012
"INDIA","65.000000",650736,311363,339373,512680,248178,264502,138056,63185,74871
"INDIA","66.000000",194217,96121,98096,145339,71186,74153,48878,24935,23943
"INDIA","67.000000",115532,56665,58867,84282,39577,44705,31250,17088,14162
"INDIA","68.000000",194095,76147,117948,152230,55814,96416,41865,20333,21532
"INDIA","69.000000",105796,49175,56621,76789,34121,42668,29007,15054,13953
"INDIA","70.000000",624121,298081,326040,504067,244032,260035,120054,54049,66005
"INDIA","71.000000",139666,68825,70841,105019,51236,53783,34647,17589,17058
"INDIA","72.000000",124555,61887,62668,95351,46416,48935,29204,15471,13733
"INDIA","73.000000",66610,31182,35428,47981,20951,27030,18629,10231,8398
"INDIA","74.000000",61963,30036,31927,43012,19821,23191,18951,10215,8736
"INDIA","75.000000",264908,118780,146128,208090,93846,114244,56818,24934,31884
"INDIA","76.000000",76499,35811,40688,56339,25694,30645,20160,10117,10043
"INDIA","77.000000",39152,19256,19896,27823,12901,14922,11329,6355,4974
"INDIA","78.000000",60603,25632,34971,46173,18293,27880,14430,7339,7091
"INDIA","79.000000",36493,16537,19956,26217,11280,14937,10276,5257,5019
"INDIA","80.000000",231989,97963,134026,186780,79753,107027,45209,18210,26999
"INDIA","81.000000",48749,21556,27193,36645,15964,20681,12104,5592,6512
"INDIA","82.000000",32299,15385,16914,24201,11269,12932,8098,4116,3982
"INDIA","83.000000",17699,8262,9437,12538,5562,6976,5161,2700,2461
"INDIA","84.000000",16869,8188,8681,11408,5398,6010,5461,2790,2671
"INDIA","85.000000",70928,30311,40617,53875,23442,30433,17053,6869,10184
"INDIA","86.000000",19720,8949,10771,14182,6450,7732,5538,2499,3039
"INDIA","87.000000",9368,4650,4718,6465,3111,3354,2903,1539,1364
"INDIA","88.000000",10933,4766,6167,7911,3284,4627,3022,1482,1540
"INDIA","89.000000",7728,3260,4468,5376,2181,3195,2352,1079,1273
"INDIA","90.000000",45372,17330,28042,35320,13641,21679,10052,3689,6363
"INDIA","91.000000",10516,4312,6204,7689,3153,4536,2827,1159,1668
"INDIA","92.000000",6907,3101,3806,5055,2255,2800,1852,846,1006
"INDIA","93.000000",4011,1838,2173,2840,1307,1533,1171,531,640
"INDIA","94.000000",4137,1812,2325,2896,1251,1645,1241,561,680
"INDIA","95.000000",13422,5452,7970,10041,4192,5849,3381,1260,2121
"INDIA","96.000000",5034,2204,2830,3697,1622,2075,1337,582,755
"INDIA","97.000000",2951,1298,1653,2075,880,1195,876,418,458
"INDIA","98.000000",5214,2088,3126,3959,1587,2372,1255,501,754
"INDIA","99.000000",2588,975,1613,1966,729,1237,622,246,376
"INDIA","100+",20619,9041,11578,14152,6019,8133,6467,3022,3445
"INDIA","Age not stated",269602,137515,132087,214487,108656,105831,55115,28859,26256
"INDIA","All ages",199812341,104480510,95331831,155317278,80992995,74324283,44495063,23487515,21007548
"INDIA","0.000000",3500559,1844947,1655612,2875243,1511744,1363499,625316,333203,292113
"INDIA","1.000000",3638740,1914323,1724417,2938208,1541003,1397205,700532,373320,327212
"INDIA","2.000000",4191583,2184858,2006725,3399107,1767302,1631805,792476,417556,374920
"INDIA","3.000000",4546132,2347635,2198497,3697121,1904571,1792550,849011,443064,405947
"INDIA","4.000000",4499654,2368711,2130943,3646544,1915743,1730801,853110,452968,400142
"INDIA","5.000000",5264093,2815690,2448403,4291144,2292186,1998958,972949,523504,449445
"INDIA","6.000000",5150570,2709417,2441153,4193216,2203046,1990170,957354,506371,450983
"INDIA","7.000000",4783808,2516369,2267439,3860414,2027496,1832918,923394,488873,434521
"INDIA","8.000000",5514540,2915118,2599422,4513772,2380288,2133484,1000768,534830,465938
"INDIA","9.000000",4348706,2293737,2054969,3503910,1841587,1662323,844796,452150,392646
"INDIA","10.000000",6347278,3397755,2949523,5169860,2759258,2410602,1177418,638497,538921
"INDIA","11.000000",4559292,2425324,2133968,3641991,1931080,1710911,917301,494244,423057
"INDIA","12.000000",5559995,2961012,2598983,4490182,2386413,2103769,1069813,574599,495214
"INDIA","13.000000",4432612,2301450,2131162,3531480,1831197,1700283,901132,470253,430879
"INDIA","14.000000",4970704,2593613,2377091,3940427,2054374,1886053,1030277,539239,491038
"INDIA","15.000000",5187609,2760508,2427101,4118163,2194591,1923572,1069446,565917,503529
"INDIA","16.000000",4953132,2591691,2361441,3878443,2029596,1848847,1074689,562095,512594
"INDIA","17.000000",3885778,2058384,1827394,2950680,1562188,1388492,935098,496196,438902
"INDIA","18.000000",5594440,3063915,2530525,4309295,2360208,1949087,1285145,703707,581438
"INDIA","19.000000",3419421,1833075,1586346,2522503,1346835,1175668,896918,486240,410678
"INDIA","20.000000",5252299,2895147,2357152,3987658,2208459,1779199,1264641,686688,577953
"INDIA","21.000000",3002733,1659429,1343304,2164123,1200471,963652,838610,458958,379652
"INDIA","22.000000",3743560,2065047,1678513,2769727,1533222,1236505,973833,531825,442008
"INDIA","23.000000",2705878,1317082,1388796,1986489,938011,1048478,719389,379071,340318
"INDIA","24.000000",2874178,1468780,1405398,2081047,1047538,1033509,793131,421242,371889
"INDIA","25.000000",4274936,2424734,1850202,3225573,1867078,1358495,1049363,557656,491707
"INDIA","26.000000",2751552,1448323,1303229,2014108,1055391,958717,737444,392932,344512
"INDIA","27.000000",2059085,1031824,1027261,1488452,733328,755124,570633,298496,272137
"INDIA","28.000000",3545451,1597201,1948250,2727412,1191288,1536124,818039,405913,412126
"INDIA","29.000000",1948805,964285,984520,1405184,684367,720817,543621,279918,263703
"INDIA","30.000000",4866714,2681401,2185313,3730681,2088171,1642510,1136033,593230,542803
"INDIA","31.000000",1740763,903075,837688,1257306,649902,607404,483457,253173,230284
"INDIA","32.000000",2685358,1265678,1419680,2059305,949383,1109922,626053,316295,309758
"INDIA","33.000000",1759434,690412,1069022,1356084,497515,858569,403350,192897,210453
"INDIA","34.000000",1902413,890835,1011578,1407023,640090,766933,495390,250745,244645
"INDIA","35.000000",4540365,2680166,1860199,3452519,2089530,1362989,1087846,590636,497210
"INDIA","36.000000",2187571,1149865,1037706,1637784,863314,774470,549787,286551,263236
"INDIA","37.000000",1420791,653675,767116,1055129,472263,582866,365662,181412,184250
"INDIA","38.000000",2845755,1146111,1699644,2240284,869988,1370296,605471,276123,329348
"INDIA","39.000000",1561740,771414,790326,1137985,553113,584872,423755,218301,205454
"INDIA","40.000000",4605934,2716130,1889804,3519491,2119731,1399760,1086443,596399,490044
"INDIA","41.000000",1441533,800741,640792,1036303,581014,455289,405230,219727,185503
"INDIA","42.000000",1814414,862840,951574,1377065,641523,735542,437349,221317,216032
"INDIA","43.000000",1167675,432319,735356,890368,302496,587872,277307,129823,147484
"INDIA","44.000000",1201846,583132,618714,862035,409230,452805,339811,173902,165909
"INDIA","45.000000",3580709,2121453,1459256,2682872,1632137,1050735,897837,489316,408521
"INDIA","46.000000",1339212,713679,625533,964341,515159,449182,374871,198520,176351
"INDIA","47.000000",841133,379439,461694,605813,259207,346606,235320,120232,115088
"INDIA","48.000000",1714346,674147,1040199,1329126,489809,839317,385220,184338,200882
"INDIA","49.000000",974377,493430,480947,696099,344581,351518,278278,148849,129429
"INDIA","50.000000",3279901,1944337,1335564,2510464,1522488,987976,769437,421849,347588
"INDIA","51.000000",948369,546606,401763,674417,392179,282238,273952,154427,119525
"INDIA","52.000000",939310,455992,483318,699009,326812,372197,240301,129180,111121
"INDIA","53.000000",655062,255476,399586,486640,167987,318653,168422,87489,80933
"INDIA","54.000000",764381,369506,394875,542161,252965,289196,222220,116541,105679
"INDIA","55.000000",2316157,1261369,1054788,1769733,981338,788395,546424,280031,266393
"INDIA","56.000000",862274,441690,420584,630009,319108,310901,232265,122582,109683
"INDIA","57.000000",514316,217018,297298,378527,145147,233380,135789,71871,63918
"INDIA","58.000000",1041541,353169,688372,838436,257329,581107,203105,95840,107265
"INDIA","59.000000",729858,352955,376903,549895,257612,292283,179963,95343,84620
"INDIA","60.000000",2919867,1586993,1332874,2359994,1302159,1057835,559873,284834,275039
"INDIA","61.000000",843860,461157,382703,649354,355270,294084,194506,105887,88619
"INDIA","62.000000",856982,421013,435969,697234,334615,362619,159748,86398,73350
"INDIA","63.000000",528476,217113,311363,419840,157714,262126,108636,59399,49237
"INDIA","64.000000",556006,282495,273511,429054,213763,215291,126952,68732,58220
"INDIA","65.000000",2059446,1123038,936408,1698363,941285,757078,361083,181753,179330
"INDIA","66.000000",582601,313009,269592,458643,246340,212303,123958,66669,57289
"INDIA","67.000000",274768,129211,145557,212125,93419,118706,62643,35792,26851
"INDIA","68.000000",526338,193282,333056,435854,147898,287956,90484,45384,45100
"INDIA","69.000000",396816,199932,196884,311980,154142,157838,84836,45790,39046
"INDIA","70.000000",1798139,991458,806681,1507933,844336,663597,290206,147122,143084
"INDIA","71.000000",430932,239023,191909,341854,190715,151139,89078,48308,40770
"INDIA","72.000000",273471,142233,131238,217240,110015,107225,56231,32218,24013
"INDIA","73.000000",148902,67377,81525,114145,47175,66970,34757,20202,14555
"INDIA","74.000000",180924,95001,85923,136514,70204,66310,44410,24797,19613
"INDIA","75.000000",710704,377304,333400,586988,316340,270648,123716,60964,62752
"INDIA","76.000000",200192,106382,93810,155968,82898,73070,44224,23484,20740
"INDIA","77.000000",80347,39476,40871,59950,27587,32363,20397,11889,8508
"INDIA","78.000000",137109,54905,82204,110103,40528,69575,27006,14377,12629
"INDIA","79.000000",121540,60810,60730,95242,46833,48409,26298,13977,12321
"INDIA","80.000000",616222,319697,296525,519794,274209,245585,96428,45488,50940
"INDIA","81.000000",143828,75297,68531,114793,60703,54090,29035,14594,14441
"INDIA","82.000000",69694,36907,32787,53821,28109,25712,15873,8798,7075
"INDIA","83.000000",40558,19640,20918,29987,13686,16301,10571,5954,4617
"INDIA","84.000000",52254,27812,24442,38649,20379,18270,13605,7433,6172
"INDIA","85.000000",190724,102081,88643,154517,84409,70108,36207,17672,18535
"INDIA","86.000000",58042,31230,26812,43943,23927,20016,14099,7303,6796
"INDIA","87.000000",24714,13098,11616,17772,9166,8606,6942,3932,3010
"INDIA","88.000000",35726,16423,19303,27318,12003,15315,8408,4420,3988
"INDIA","89.000000",33365,16434,16931,25376,12479,12897,7989,3955,4034
"INDIA","90.000000",147993,74894,73099,122564,63249,59315,25429,11645,13784
"INDIA","91.000000",43330,22223,21107,33803,17475,16328,9527,4748,4779
"INDIA","92.000000",21279,11021,10258,16543,8493,8050,4736,2528,2208
"INDIA","93.000000",12915,6198,6717,9995,4719,5276,2920,1479,1441
"INDIA","94.000000",16415,8295,8120,12700,6398,6302,3715,1897,1818
"INDIA","95.000000",46747,24589,22158,38319,20642,17677,8428,3947,4481
"INDIA","96.000000",18911,9805,9106,14809,7792,7017,4102,2013,2089
"INDIA","97.000000",10137,5018,5119,7903,3913,3990,2234,1105,1129
"INDIA","98.000000",17907,8226,9681,14540,6546,7994,3367,1680,1687
"INDIA","99.000000",12125,5704,6421,9812,4621,5191,2313,1083,1230
"INDIA","100+",199598,101329,98269,141132,71481,69651,58466,29848,28618
"INDIA","Age not stated",1622062,865933,756129,1172430,624380,548050,449632,241553,208079
"INDIA","All ages",104099452,54278157,49821295,92341436,48073850,44267586,11758016,6204307,5553709
"INDIA","0.000000",2014957,1057050,957907,1838075,963569,874506,176882,93481,83401
"INDIA","1.000000",2330590,1213637,1116953,2114748,1099739,1015009,215842,113898,101944
"INDIA","2.000000",2801985,1434919,1367066,2550905,1304639,1246266,251080,130280,120800
"INDIA","3.000000",2835798,1441206,1394592,2571849,1305780,1266069,263949,135426,128523
"INDIA","4.000000",2781699,1430059,1351640,2524711,1296098,1228613,256988,133961,123027
"INDIA","5.000000",3072103,1605376,1466727,2784809,1452900,1331909,287294,152476,134818
"INDIA","6.000000",3296832,1704992,1591840,2998604,1548946,1449658,298228,156046,142182
"INDIA","7.000000",2736174,1411042,1325132,2472268,1273456,1198812,263906,137586,126320
"INDIA","8.000000",3472198,1798593,1673605,3152704,1630750,1521954,319494,167843,151651
"INDIA","9.000000",2458970,1276356,1182614,2222416,1151911,1070505,236554,124445,112109
"INDIA","10.000000",3848668,2027478,1821190,3486052,1834339,1651713,362616,193139,169477
"INDIA","11.000000",2385653,1256269,1129384,2138971,1125945,1013026,246682,130324,116358
"INDIA","12.000000",3188267,1683310,1504957,2863651,1512521,1351130,324616,170789,153827
"INDIA","13.000000",2185027,1135187,1049840,1943012,1010688,932324,242015,124499,117516
"INDIA","14.000000",2312267,1221587,1090680,2041261,1080482,960779,271006,141105,129901
"INDIA","15.000000",2326025,1289350,1036675,2054655,1143650,911005,271370,145700,125670
"INDIA","16.000000",2046951,1143121,903830,1785492,1003054,782438,261459,140067,121392
"INDIA","17.000000",1408901,798482,610419,1205355,687338,518017,203546,111144,92402
"INDIA","18.000000",2294012,1320854,973158,1994318,1153623,840695,299694,167231,132463
"INDIA","19.000000",1396806,738774,658032,1203909,634833,569076,192897,103941,88956
"INDIA","20.000000",2349733,1239346,1110387,2051632,1080386,971246,298101,158960,139141
"INDIA","21.000000",1321504,712345,609159,1139970,613668,526302,181534,98677,82857
"INDIA","22.000000",1822757,976344,846413,1586759,847949,738810,235998,128395,107603
"INDIA","23.000000",1243544,608628,634916,1084140,523493,560647,159404,85135,74269
"INDIA","24.000000",1327197,673922,653275,1148552,579033,569519,178645,94889,83756
"INDIA","25.000000",2541873,1353711,1188162,2235640,1198784,1036856,306233,154927,151306
"INDIA","26.000000",1433514,740356,693158,1246347,641303,605044,187167,99053,88114
"INDIA","27.000000",983868,480414,503454,853481,411194,442287,130387,69220,61167
"INDIA","28.000000",1759205,791885,967320,1555061,689251,865810,204144,102634,101510
"INDIA","29.000000",953245,462321,490924,832159,399630,432529,121086,62691,58395
"INDIA","30.000000",2940550,1541816,1398734,2598056,1370151,1227905,342494,171665,170829
"INDIA","31.000000",990497,506306,484191,863551,439863,423688,126946,66443,60503
"INDIA","32.000000",1375085,650216,724869,1210791,565747,645044,164294,84469,79825
"INDIA","33.000000",837516,363956,473560,737453,312485,424968,100063,51471,48592
"INDIA","34.000000",912089,448302,463787,793193,386160,407033,118896,62142,56754
"INDIA","35.000000",2673063,1487036,1186027,2350215,1318322,1031893,322848,168714,154134
"INDIA","36.000000",1170224,613976,556248,1024979,538166,486813,145245,75810,69435
"INDIA","37.000000",658890,309388,349502,573998,265583,308415,84892,43805,41087
"INDIA","38.000000",1235113,530373,704740,1095797,462669,633128,139316,67704,71612
"INDIA","39.000000",719971,367388,352583,626262,317625,308637,93709,49763,43946
"INDIA","40.000000",2544475,1450992,1093483,2239036,1285431,953605,305439,165561,139878
"INDIA","41.000000",771153,430031,341122,666618,372143,294475,104535,57888,46647
"INDIA","42.000000",826775,399965,426810,721170,343871,377299,105605,56094,49511
"INDIA","43.000000",481792,204798,276994,418086,171957,246129,63706,32841,30865
"INDIA","44.000000",541497,271023,270474,465958,231174,234784,75539,39849,35690
"INDIA","45.000000",2011304,1109013,902291,1762513,978077,784436,248791,130936,117855
"INDIA","46.000000",705574,371971,333603,610489,321123,289366,95085,50848,44237
"INDIA","47.000000",380253,176936,203317,325580,147416,178164,54673,29520,25153
"INDIA","48.000000",728178,316969,411209,639651,271390,368261,88527,45579,42948
"INDIA","49.000000",445065,235105,209960,383300,200793,182507,61765,34312,27453
"INDIA","50.000000",1797034,1040278,756756,1582960,924651,658309,214074,115627,98447
"INDIA","51.000000",502770,288732,214038,434464,249841,184623,68306,38891,29415
"INDIA","52.000000",412949,202699,210250,356482,171492,184990,56467,31207,25260
"INDIA","53.000000",261284,114404,146880,223052,93546,129506,38232,20858,17374
"INDIA","54.000000",338703,162312,176391,288736,135707,153029,49967,26605,23362
"INDIA","55.000000",1338071,664285,673786,1180114,587332,592782,157957,76953,81004
"INDIA","56.000000",461068,230098,230970,399551,197424,202127,61517,32674,28843
"INDIA","57.000000",234549,105331,129218,199854,85446,114408,34695,19885,14810
"INDIA","58.000000",427688,163161,264527,378007,137475,240532,49681,25686,23995
"INDIA","59.000000",335302,167481,167821,292803,143840,148963,42499,23641,18858
"INDIA","60.000000",1632251,862240,770011,1462108,776991,685117,170143,85249,84894
"INDIA","61.000000",469113,252467,216646,414065,222402,191663,55048,30065,24983
"INDIA","62.000000",414292,205627,208665,368653,180201,188452,45639,25426,20213
"INDIA","63.000000",227341,102895,124446,199324,87019,112305,28017,15876,12141
"INDIA","64.000000",265011,136696,128315,233287,119101,114186,31724,17595,14129
"INDIA","65.000000",1189694,634337,555357,1072890,575427,497463,116804,58910,57894
"INDIA","66.000000",354977,194151,160826,316523,172852,143671,38454,21299,17155
"INDIA","67.000000",140310,74574,65736,122568,63867,58701,17742,10707,7035
"INDIA","68.000000",226793,102737,124056,201804,88941,112863,24989,13796,11193
"INDIA","69.000000",178005,97919,80086,156855,85483,71372,21150,12436,8714
"INDIA","70.000000",904618,516432,388186,816454,469063,347391,88164,47369,40795
"INDIA","71.000000",221433,127664,93769,196526,113271,83255,24907,14393,10514
"INDIA","72.000000",121252,68227,53025,105705,58614,47091,15547,9613,5934
"INDIA","73.000000",59418,31510,27908,50770,25926,24844,8648,5584,3064
"INDIA","74.000000",72810,40550,32260,62373,34277,28096,10437,6273,4164
"INDIA","75.000000",321483,174520,146963,288161,157502,130659,33322,17018,16304
"INDIA","76.000000",97868,54839,43029,85449,47702,37747,12419,7137,5282
"INDIA","77.000000",36748,20829,15919,31100,17173,13927,5648,3656,1992
"INDIA","78.000000",48900,23505,25395,42458,19724,22734,6442,3781,2661
"INDIA","79.000000",45480,24280,21200,39726,21060,18666,5754,3220,2534
"INDIA","80.000000",248903,132872,116031,223944,120694,103250,24959,12178,12781
"INDIA","81.000000",61061,33001,28060,54183,29402,24781,6878,3599,3279
"INDIA","82.000000",26932,14698,12234,23102,12476,10626,3830,2222,1608
"INDIA","83.000000",13830,7310,6520,11726,6067,5659,2104,1243,861
"INDIA","84.000000",18328,10116,8212,15661,8607,7054,2667,1509,1158
"INDIA","85.000000",74423,39811,34612,65485,35302,30183,8938,4509,4429
"INDIA","86.000000",22914,12576,10338,19809,10894,8915,3105,1682,1423
"INDIA","87.000000",8644,4791,3853,7246,3961,3285,1398,830,568
"INDIA","88.000000",12139,6172,5967,10447,5248,5199,1692,924,768
"INDIA","89.000000",11388,5908,5480,9984,5166,4818,1404,742,662
"INDIA","90.000000",54583,28102,26481,48544,25288,23256,6039,2814,3225
"INDIA","91.000000",15951,8327,7624,14052,7436,6616,1899,891,1008
"INDIA","92.000000",10555,5436,5119,9356,4792,4564,1199,644,555
"INDIA","93.000000",6129,3043,3086,5329,2595,2734,800,448,352
"INDIA","94.000000",7550,3945,3605,6662,3481,3181,888,464,424
"INDIA","95.000000",21564,11690,9874,19274,10558,8716,2290,1132,1158
"INDIA","96.000000",8771,4839,3932,7714,4285,3429,1057,554,503
"INDIA","97.000000",4588,2309,2279,4016,2036,1980,572,273,299
"INDIA","98.000000",7828,3821,4007,6966,3352,3614,862,469,393
"INDIA","99.000000",4624,2337,2287,4140,2070,2070,484,267,217
"INDIA","100+",38643,19490,19153,33747,17145,16602,4896,2345,2551
"INDIA","Age not stated",403502,220309,183193,349025,190547,158478,54477,29762,24715
"INDIA","All ages",610577,323070,287507,456999,242797,214202,153578,80273,73305
"INDIA","0.000000",7649,3905,3744,5849,2985,2864,1800,920,880
"INDIA","1.000000",8222,4232,3990,6267,3245,3022,1955,987,968
"INDIA","2.000000",8230,4180,4050,6261,3187,3074,1969,993,976
"INDIA","3.000000",8715,4478,4237,6687,3413,3274,2028,1065,963
"INDIA","4.000000",9520,4890,4630,7318,3711,3607,2202,1179,1023
"INDIA","5.000000",10560,5393,5167,8181,4167,4014,2379,1226,1153
"INDIA","6.000000",11215,5683,5532,8655,4353,4302,2560,1330,1230
"INDIA","7.000000",11728,5951,5777,9208,4673,4535,2520,1278,1242
"INDIA","8.000000",11022,5525,5497,8556,4282,4274,2466,1243,1223
"INDIA","9.000000",12153,6136,6017,9558,4859,4699,2595,1277,1318
"INDIA","10.000000",13543,6929,6614,10644,5444,5200,2899,1485,1414
"INDIA","11.000000",13165,6684,6481,10281,5227,5054,2884,1457,1427
"INDIA","12.000000",13400,6846,6554,10426,5393,5033,2974,1453,1521
"INDIA","13.000000",13312,6722,6590,10349,5257,5092,2963,1465,1498
"INDIA","14.000000",13503,6784,6719,10491,5267,5224,3012,1517,1495
"INDIA","15.000000",13323,6715,6608,10200,5206,4994,3123,1509,1614
"INDIA","16.000000",13428,6667,6761,10227,5115,5112,3201,1552,1649
"INDIA","17.000000",13144,6784,6360,9956,5174,4782,3188,1610,1578
"INDIA","18.000000",14254,7347,6907,10771,5593,5178,3483,1754,1729
"INDIA","19.000000",12788,6485,6303,9605,4855,4750,3183,1630,1553
"INDIA","20.000000",13848,7084,6764,10475,5427,5048,3373,1657,1716
"INDIA","21.000000",13411,6977,6434,10019,5271,4748,3392,1706,1686
"INDIA","22.000000",13779,7204,6575,10177,5364,4813,3602,1840,1762
"INDIA","23.000000",12586,6626,5960,9119,4867,4252,3467,1759,1708
"INDIA","24.000000",13673,7255,6418,10049,5372,4677,3624,1883,1741
"INDIA","25.000000",14403,7684,6719,10387,5637,4750,4016,2047,1969
"INDIA","26.000000",13720,7263,6457,9898,5346,4552,3822,1917,1905
"INDIA","27.000000",12319,6661,5658,8971,4938,4033,3348,1723,1625
"INDIA","28.000000",13006,6962,6044,9237,4990,4247,3769,1972,1797
"INDIA","29.000000",11191,6130,5061,8135,4564,3571,3056,1566,1490
"INDIA","30.000000",13683,7428,6255,9904,5462,4442,3779,1966,1813
"INDIA","31.000000",10816,5863,4953,7749,4279,3470,3067,1584,1483
"INDIA","32.000000",10227,5580,4647,7241,4015,3226,2986,1565,1421
"INDIA","33.000000",8317,4593,3724,6034,3404,2630,2283,1189,1094
"INDIA","34.000000",9182,5098,4084,6484,3628,2856,2698,1470,1228
"INDIA","35.000000",11125,5940,5185,7844,4167,3677,3281,1773,1508
"INDIA","36.000000",9009,4835,4174,6504,3502,3002,2505,1333,1172
"INDIA","37.000000",8024,4312,3712,5705,3105,2600,2319,1207,1112
"INDIA","38.000000",8269,4438,3831,5789,3129,2660,2480,1309,1171
"INDIA","39.000000",7200,3871,3329,5086,2710,2376,2114,1161,953
"INDIA","40.000000",9631,5215,4416,6915,3698,3217,2716,1517,1199
"INDIA","41.000000",7255,4119,3136,5148,2939,2209,2107,1180,927
"INDIA","42.000000",7848,4396,3452,5538,3141,2397,2310,1255,1055
"INDIA","43.000000",5646,3097,2549,4048,2199,1849,1598,898,700
"INDIA","44.000000",6172,3343,2829,4462,2425,2037,1710,918,792
"INDIA","45.000000",7723,4212,3511,5465,2915,2550,2258,1297,961
"INDIA","46.000000",5810,3233,2577,4089,2274,1815,1721,959,762
"INDIA","47.000000",4997,2706,2291,3559,1911,1648,1438,795,643
"INDIA","48.000000",5629,3113,2516,4031,2198,1833,1598,915,683
"INDIA","49.000000",5303,2850,2453,3960,2096,1864,1343,754,589
"INDIA","50.000000",7070,3800,3270,5273,2823,2450,1797,977,820
"INDIA","51.000000",4880,2680,2200,3625,1984,1641,1255,696,559
"INDIA","52.000000",4660,2679,1981,3382,1914,1468,1278,765,513
"INDIA","53.000000",3794,2186,1608,2807,1620,1187,987,566,421
"INDIA","54.000000",4028,2279,1749,2994,1680,1314,1034,599,435
"INDIA","55.000000",4910,2763,2147,3628,2019,1609,1282,744,538
"INDIA","56.000000",3801,2084,1717,2850,1538,1312,951,546,405
"INDIA","57.000000",2990,1776,1214,2290,1342,948,700,434,266
"INDIA","58.000000",2878,1671,1207,2122,1229,893,756,442,314
"INDIA","59.000000",2962,1619,1343,2329,1262,1067,633,357,276
"INDIA","60.000000",4410,2385,2025,3439,1858,1581,971,527,444
"INDIA","61.000000",2499,1412,1087,2017,1141,876,482,271,211
"INDIA","62.000000",2272,1258,1014,1841,1006,835,431,252,179
"INDIA","63.000000",2069,1137,932,1683,933,750,386,204,182
"INDIA","64.000000",2300,1249,1051,1895,1033,862,405,216,189
"INDIA","65.000000",3142,1661,1481,2542,1345,1197,600,316,284
"INDIA","66.000000",2116,1130,986,1713,930,783,403,200,203
"INDIA","67.000000",1724,934,790,1410,764,646,314,170,144
"INDIA","68.000000",1760,950,810,1445,788,657,315,162,153
"INDIA","69.000000",1741,918,823,1422,757,665,319,161,158
"INDIA","70.000000",2489,1380,1109,2012,1136,876,477,244,233
"INDIA","71.000000",1455,837,618,1201,698,503,254,139,115
"INDIA","72.000000",1340,774,566,1138,655,483,202,119,83
"INDIA","73.000000",1152,655,497,999,579,420,153,76,77
"INDIA","74.000000",1125,658,467,930,556,374,195,102,93
"INDIA","75.000000",1329,744,585,1070,606,464,259,138,121
"INDIA","76.000000",985,557,428,807,470,337,178,87,91
"INDIA","77.000000",784,455,329,657,393,264,127,62,65
"INDIA","78.000000",753,420,333,652,364,288,101,56,45
"INDIA","79.000000",665,380,285,550,317,233,115,63,52
"INDIA","80.000000",888,482,406,747,413,334,141,69,72
"INDIA","81.000000",490,266,224,397,226,171,93,40,53
"INDIA","82.000000",415,246,169,328,194,134,87,52,35
"INDIA","83.000000",380,203,177,320,175,145,60,28,32
"INDIA","84.000000",391,225,166,326,197,129,65,28,37
"INDIA","85.000000",385,221,164,323,188,135,62,33,29
"INDIA","86.000000",240,134,106,184,105,79,56,29,27
"INDIA","87.000000",193,99,94,151,77,74,42,22,20
"INDIA","88.000000",164,88,76,131,71,60,33,17,16
"INDIA","89.000000",129,70,59,104,61,43,25,9,16
"INDIA","90.000000",179,91,88,148,76,72,31,15,16
"INDIA","91.000000",115,70,45,100,63,37,15,7,8
"INDIA","92.000000",129,78,51,103,67,36,26,11,15
"INDIA","93.000000",55,27,28,41,20,21,14,7,7
"INDIA","94.000000",95,54,41,75,43,32,20,11,9
"INDIA","95.000000",95,58,37,71,41,30,24,17,7
"INDIA","96.000000",68,30,38,48,20,28,20,10,10
"INDIA","97.000000",50,30,20,39,24,15,11,6,5
"INDIA","98.000000",55,27,28,42,21,21,13,6,7
"INDIA","99.000000",31,21,10,24,17,7,7,4,3
"INDIA","100+",95,58,37,75,48,27,20,10,10
"INDIA","Age not stated",1176,637,539,987,531,456,189,106,83
"INDIA","All ages",1383727,713912,669815,1066358,546011,520347,317369,167901,149468
"INDIA","0.000000",23229,11799,11430,18347,9309,9038,4882,2490,2392
"INDIA","1.000000",30140,15296,14844,23941,12081,11860,6199,3215,2984
"INDIA","2.000000",28930,14628,14302,23871,12085,11786,5059,2543,2516
"INDIA","3.000000",29950,15191,14759,24526,12402,12124,5424,2789,2635
"INDIA","4.000000",30630,15550,15080,25088,12716,12372,5542,2834,2708
"INDIA","5.000000",34389,17508,16881,27932,14202,13730,6457,3306,3151
"INDIA","6.000000",34920,17652,17268,28584,14446,14138,6336,3206,3130
"INDIA","7.000000",34077,17142,16935,27301,13811,13490,6776,3331,3445
"INDIA","8.000000",35939,18189,17750,29123,14781,14342,6816,3408,3408
"INDIA","9.000000",31798,16208,15590,25408,12997,12411,6390,3211,3179
"INDIA","10.000000",39407,20115,19292,31540,16093,15447,7867,4022,3845
"INDIA","11.000000",33595,17170,16425,26291,13515,12776,7304,3655,3649
"INDIA","12.000000",38453,19251,19202,30343,15243,15100,8110,4008,4102
"INDIA","13.000000",32977,16365,16612,25209,12612,12597,7768,3753,4015
"INDIA","14.000000",34927,17538,17389,26643,13517,13126,8284,4021,4263
"INDIA","15.000000",35678,18039,17639,27029,13807,13222,8649,4232,4417
"INDIA","16.000000",32577,16310,16267,24106,12239,11867,8471,4071,4400
"INDIA","17.000000",27940,14261,13679,20297,10484,9813,7643,3777,3866
"INDIA","18.000000",34053,17304,16749,25615,12988,12627,8438,4316,4122
"INDIA","19.000000",25720,12759,12961,19017,9443,9574,6703,3316,3387
"INDIA","20.000000",34641,17035,17606,26630,13140,13490,8011,3895,4116
"INDIA","21.000000",24130,11860,12270,17843,8853,8990,6287,3007,3280
"INDIA","22.000000",25395,12798,12597,18723,9460,9263,6672,3338,3334
"INDIA","23.000000",22246,11496,10750,16144,8259,7885,6102,3237,2865
"INDIA","24.000000",25284,12844,12440,18551,9311,9240,6733,3533,3200
"INDIA","25.000000",32057,16172,15885,23848,11975,11873,8209,4197,4012
"INDIA","26.000000",24682,12682,12000,17984,9094,8890,6698,3588,3110
"INDIA","27.000000",21489,11248,10241,15659,8109,7550,5830,3139,2691
"INDIA","28.000000",25450,12925,12525,18717,9351,9366,6733,3574,3159
"INDIA","29.000000",20036,10339,9697,14723,7445,7278,5313,2894,2419
"INDIA","30.000000",35727,18073,17654,27124,13591,13533,8603,4482,4121
"INDIA","31.000000",17836,9561,8275,12924,6847,6077,4912,2714,2198
"INDIA","32.000000",18080,9521,8559,13130,6815,6315,4950,2706,2244
"INDIA","33.000000",13096,6845,6251,9380,4810,4570,3716,2035,1681
"INDIA","34.000000",16432,8462,7970,11734,5943,5791,4698,2519,2179
"INDIA","35.000000",29448,15227,14221,21760,11175,10585,7688,4052,3636
"INDIA","36.000000",17038,8762,8276,12247,6202,6045,4791,2560,2231
"INDIA","37.000000",13798,7033,6765,10004,5038,4966,3794,1995,1799
"INDIA","38.000000",18276,9029,9247,13371,6510,6861,4905,2519,2386
"INDIA","39.000000",15831,8160,7671,11766,5901,5865,4065,2259,1806
"INDIA","40.000000",31467,16639,14828,23900,12460,11440,7567,4179,3388
"INDIA","41.000000",13758,7620,6138,9934,5366,4568,3824,2254,1570
"INDIA","42.000000",13369,7476,5893,9472,5097,4375,3897,2379,1518
"INDIA","43.000000",9248,5147,4101,6595,3532,3063,2653,1615,1038
"INDIA","44.000000",10761,5979,4782,7841,4176,3665,2920,1803,1117
"INDIA","45.000000",21854,11860,9994,16221,8552,7669,5633,3308,2325
"INDIA","46.000000",11335,6361,4974,8285,4510,3775,3050,1851,1199
"INDIA","47.000000",8710,4860,3850,6509,3476,3033,2201,1384,817
"INDIA","48.000000",11891,6512,5379,9012,4733,4279,2879,1779,1100
"INDIA","49.000000",9889,5580,4309,7754,4194,3560,2135,1386,749
"INDIA","50.000000",20203,11266,8937,16021,8775,7246,4182,2491,1691
"INDIA","51.000000",8051,4732,3319,6257,3513,2744,1794,1219,575
"INDIA","52.000000",7007,4197,2810,5442,3116,2326,1565,1081,484
"INDIA","53.000000",4864,2822,2042,3768,2046,1722,1096,776,320
"INDIA","54.000000",5985,3470,2515,4761,2598,2163,1224,872,352
"INDIA","55.000000",10474,5839,4635,8437,4541,3896,2037,1298,739
"INDIA","56.000000",5683,3388,2295,4597,2616,1981,1086,772,314
"INDIA","57.000000",4042,2420,1622,3292,1855,1437,750,565,185
"INDIA","58.000000",4822,2689,2133,4039,2143,1896,783,546,237
"INDIA","59.000000",4865,2660,2205,4194,2246,1948,671,414,257
"INDIA","60.000000",12101,6418,5683,10534,5531,5003,1567,887,680
"INDIA","61.000000",4519,2449,2070,3956,2126,1830,563,323,240
"INDIA","62.000000",3501,1862,1639,3074,1604,1470,427,258,169
"INDIA","63.000000",2450,1304,1146,2150,1121,1029,300,183,117
"INDIA","64.000000",2874,1459,1415,2548,1277,1271,326,182,144
"INDIA","65.000000",6207,3164,3043,5472,2767,2705,735,397,338
"INDIA","66.000000",2516,1273,1243,2264,1148,1116,252,125,127
"INDIA","67.000000",1798,961,837,1608,850,758,190,111,79
"INDIA","68.000000",2155,1108,1047,1957,988,969,198,120,78
"INDIA","69.000000",2297,1136,1161,2045,1002,1043,252,134,118
"INDIA","70.000000",5734,2975,2759,5176,2703,2473,558,272,286
"INDIA","71.000000",1865,999,866,1689,910,779,176,89,87
"INDIA","72.000000",1226,634,592,1128,586,542,98,48,50
"INDIA","73.000000",779,391,388,701,351,350,78,40,38
"INDIA","74.000000",1043,548,495,953,498,455,90,50,40
"INDIA","75.000000",2174,1141,1033,1958,1033,925,216,108,108
"INDIA","76.000000",903,481,422,812,433,379,91,48,43
"INDIA","77.000000",601,326,275,553,296,257,48,30,18
"INDIA","78.000000",691,365,326,618,324,294,73,41,32
"INDIA","79.000000",766,374,392,714,349,365,52,25,27
"INDIA","80.000000",1950,1008,942,1785,925,860,165,83,82
"INDIA","81.000000",661,335,326,592,300,292,69,35,34
"INDIA","82.000000",443,222,221,392,198,194,51,24,27
"INDIA","83.000000",254,135,119,217,113,104,37,22,15
"INDIA","84.000000",365,171,194,320,158,162,45,13,32
"INDIA","85.000000",671,341,330,591,306,285,80,35,45
"INDIA","86.000000",300,150,150,253,131,122,47,19,28
"INDIA","87.000000",200,92,108,160,74,86,40,18,22
"INDIA","88.000000",227,127,100,181,102,79,46,25,21
"INDIA","89.000000",207,101,106,183,91,92,24,10,14
"INDIA","90.000000",571,298,273,495,259,236,76,39,37
"INDIA","91.000000",190,93,97,155,73,82,35,20,15
"INDIA","92.000000",145,69,76,121,57,64,24,12,12
"INDIA","93.000000",94,46,48,71,34,37,23,12,11
"INDIA","94.000000",129,64,65,110,51,59,19,13,6
"INDIA","95.000000",186,88,98,154,73,81,32,15,17
"INDIA","96.000000",98,51,47,82,39,43,16,12,4
"INDIA","97.000000",93,48,45,79,41,38,14,7,7
"INDIA","98.000000",111,58,53,95,50,45,16,8,8
"INDIA","99.000000",51,30,21,41,24,17,10,6,4
"INDIA","100+",493,294,199,374,209,165,119,85,34
"INDIA","Age not stated",1509,859,650,1193,661,532,316,198,118
"INDIA","All ages",1978502,1024649,953853,1407536,725472,682064,570966,299177,271789
"INDIA","0.000000",33464,17103,16361,24485,12523,11962,8979,4580,4399
"INDIA","1.000000",40143,20579,19564,29915,15340,14575,10228,5239,4989
"INDIA","2.000000",40173,20781,19392,30348,15735,14613,9825,5046,4779
"INDIA","3.000000",40812,20888,19924,30598,15791,14807,10214,5097,5117
"INDIA","4.000000",42670,21940,20730,31915,16592,15323,10755,5348,5407
"INDIA","5.000000",45634,23692,21942,34036,17775,16261,11598,5917,5681
"INDIA","6.000000",48175,24802,23373,36185,18727,17458,11990,6075,5915
"INDIA","7.000000",47314,24604,22710,35118,18330,16788,12196,6274,5922
"INDIA","8.000000",46619,24166,22453,34795,18029,16766,11824,6137,5687
"INDIA","9.000000",45357,23383,21974,33490,17259,16231,11867,6124,5743
"INDIA","10.000000",54020,28025,25995,40412,21140,19272,13608,6885,6723
"INDIA","11.000000",49059,25536,23523,35806,18749,17057,13253,6787,6466
"INDIA","12.000000",50676,26301,24375,37210,19355,17855,13466,6946,6520
"INDIA","13.000000",47547,24785,22762,34002,17795,16207,13545,6990,6555
"INDIA","14.000000",47369,24590,22779,33719,17619,16100,13650,6971,6679
"INDIA","15.000000",50125,26094,24031,36172,18914,17258,13953,7180,6773
"INDIA","16.000000",48251,24771,23480,34251,17583,16668,14000,7188,6812
"INDIA","17.000000",42900,21890,21010,29742,15280,14462,13158,6610,6548
"INDIA","18.000000",48929,25021,23908,34757,17757,17000,14172,7264,6908
"INDIA","19.000000",39417,20218,19199,27004,13825,13179,12413,6393,6020
"INDIA","20.000000",49489,25085,24404,35402,18109,17293,14087,6976,7111
"INDIA","21.000000",40598,20721,19877,27792,14277,13515,12806,6444,6362
"INDIA","22.000000",39366,19965,19401,26534,13491,13043,12832,6474,6358
"INDIA","23.000000",36104,18346,17758,24129,12187,11942,11975,6159,5816
"INDIA","24.000000",38806,19652,19154,25724,12880,12844,13082,6772,6310
"INDIA","25.000000",42349,21469,20880,28201,14253,13948,14148,7216,6932
"INDIA","26.000000",38213,19430,18783,25255,12706,12549,12958,6724,6234
"INDIA","27.000000",31835,16145,15690,20677,10289,10388,11158,5856,5302
"INDIA","28.000000",36525,18214,18311,24461,11967,12494,12064,6247,5817
"INDIA","29.000000",27979,14340,13639,18537,9373,9164,9442,4967,4475
"INDIA","30.000000",43783,22038,21745,30760,15399,15361,13023,6639,6384
"INDIA","31.000000",29904,15500,14404,19784,10261,9523,10120,5239,4881
"INDIA","32.000000",28632,14613,14019,19036,9571,9465,9596,5042,4554
"INDIA","33.000000",22931,11839,11092,14947,7600,7347,7984,4239,3745
"INDIA","34.000000",24674,12515,12159,15965,7951,8014,8709,4564,4145
"INDIA","35.000000",33990,17084,16906,22778,11261,11517,11212,5823,5389
"INDIA","36.000000",26559,13384,13175,17714,8732,8982,8845,4652,4193
"INDIA","37.000000",21210,10743,10467,14279,7103,7176,6931,3640,3291
"INDIA","38.000000",26864,13291,13573,18684,9035,9649,8180,4256,3924
"INDIA","39.000000",19575,10193,9382,13715,6936,6779,5860,3257,2603
"INDIA","40.000000",35932,18578,17354,26080,13283,12797,9852,5295,4557
"INDIA","41.000000",22094,11866,10228,15211,8023,7188,6883,3843,3040
"INDIA","42.000000",20827,10938,9889,14362,7352,7010,6465,3586,2879
"INDIA","43.000000",15714,8401,7313,10641,5533,5108,5073,2868,2205
"INDIA","44.000000",14694,7870,6824,9735,5020,4715,4959,2850,2109
"INDIA","45.000000",25633,13544,12089,17802,9249,8553,7831,4295,3536
"INDIA","46.000000",18182,10059,8123,12504,6823,5681,5678,3236,2442
"INDIA","47.000000",14467,7990,6477,9954,5348,4606,4513,2642,1871
"INDIA","48.000000",16582,8940,7642,11793,6184,5609,4789,2756,2033
"INDIA","49.000000",12883,7224,5659,9292,5040,4252,3591,2184,1407
"INDIA","50.000000",23688,12798,10890,17552,9283,8269,6136,3515,2621
"INDIA","51.000000",13033,7291,5742,9347,5108,4239,3686,2183,1503
"INDIA","52.000000",11072,6131,4941,7900,4248,3652,3172,1883,1289
"INDIA","53.000000",8862,4918,3944,6199,3307,2892,2663,1611,1052
"INDIA","54.000000",9204,4996,4208,6520,3430,3090,2684,1566,1118
"INDIA","55.000000",12757,6787,5970,9287,4789,4498,3470,1998,1472
"INDIA","56.000000",9355,5135,4220,6767,3646,3121,2588,1489,1099
"INDIA","57.000000",6904,3838,3066,5012,2707,2305,1892,1131,761
"INDIA","58.000000",8145,4455,3690,6096,3250,2846,2049,1205,844
"INDIA","59.000000",6237,3526,2711,4589,2506,2083,1648,1020,628
"INDIA","60.000000",13709,7302,6407,10722,5603,5119,2987,1699,1288
"INDIA","61.000000",7227,4013,3214,5546,3035,2511,1681,978,703
"INDIA","62.000000",5987,3177,2810,4628,2416,2212,1359,761,598
"INDIA","63.000000",5047,2760,2287,3825,2018,1807,1222,742,480
"INDIA","64.000000",4549,2431,2118,3480,1826,1654,1069,605,464
"INDIA","65.000000",7842,4109,3733,6113,3198,2915,1729,911,818
"INDIA","66.000000",4829,2556,2273,3738,1972,1766,1091,584,507
"INDIA","67.000000",3703,2028,1675,2831,1532,1299,872,496,376
"INDIA","68.000000",4509,2333,2176,3587,1819,1768,922,514,408
"INDIA","69.000000",3360,1775,1585,2670,1409,1261,690,366,324
"INDIA","70.000000",7126,3641,3485,5930,3043,2887,1196,598,598
"INDIA","71.000000",3607,1929,1678,2932,1562,1370,675,367,308
"INDIA","72.000000",2613,1440,1173,2142,1165,977,471,275,196
"INDIA","73.000000",2104,1142,962,1682,916,766,422,226,196
"INDIA","74.000000",2143,1108,1035,1667,864,803,476,244,232
"INDIA","75.000000",3638,1871,1767,2961,1510,1451,677,361,316
"INDIA","76.000000",2176,1181,995,1782,973,809,394,208,186
"INDIA","77.000000",1455,813,642,1178,675,503,277,138,139
"INDIA","78.000000",1824,1006,818,1506,832,674,318,174,144
"INDIA","79.000000",1472,764,708,1202,616,586,270,148,122
"INDIA","80.000000",3064,1577,1487,2580,1356,1224,484,221,263
"INDIA","81.000000",1447,785,662,1198,652,546,249,133,116
"INDIA","82.000000",979,523,456,781,446,335,198,77,121
"INDIA","83.000000",748,404,344,597,335,262,151,69,82
"INDIA","84.000000",784,439,345,604,340,264,180,99,81
"INDIA","85.000000",1099,544,555,891,450,441,208,94,114
"INDIA","86.000000",708,382,326,577,320,257,131,62,69
"INDIA","87.000000",549,283,266,441,230,211,108,53,55
"INDIA","88.000000",490,255,235,387,205,182,103,50,53
"INDIA","89.000000",455,263,192,359,210,149,96,53,43
"INDIA","90.000000",840,458,382,708,396,312,132,62,70
"INDIA","91.000000",409,215,194,324,177,147,85,38,47
"INDIA","92.000000",374,204,170,290,166,124,84,38,46
"INDIA","93.000000",269,154,115,197,115,82,72,39,33
"INDIA","94.000000",227,124,103,174,98,76,53,26,27
"INDIA","95.000000",316,185,131,242,151,91,74,34,40
"INDIA","96.000000",216,127,89,161,98,63,55,29,26
"INDIA","97.000000",178,98,80,132,70,62,46,28,18
"INDIA","98.000000",197,118,79,151,93,58,46,25,21
"INDIA","99.000000",109,63,46,84,49,35,25,14,11
"INDIA","100+",348,199,149,285,171,114,63,28,35
"INDIA","Age not stated",1471,849,622,1274,732,542,197,117,80
"INDIA","All ages",2855794,1438586,1417208,2021640,1026884,994756,834154,411702,422452
"INDIA","0.000000",44178,22852,21326,30751,16089,14662,13427,6763,6664
"INDIA","1.000000",58404,30580,27824,42156,22074,20082,16248,8506,7742
"INDIA","2.000000",49167,25449,23718,36213,18762,17451,12954,6687,6267
"INDIA","3.000000",52179,26997,25182,38460,19985,18475,13719,7012,6707
"INDIA","4.000000",52754,27282,25472,38825,20184,18641,13929,7098,6831
"INDIA","5.000000",59079,30408,28671,43475,22425,21050,15604,7983,7621
"INDIA","6.000000",59596,30916,28680,44066,22924,21142,15530,7992,7538
"INDIA","7.000000",59467,30285,29182,44012,22522,21490,15455,7763,7692
"INDIA","8.000000",59412,30471,28941,44147,22722,21425,15265,7749,7516
"INDIA","9.000000",53689,27686,26003,39720,20519,19201,13969,7167,6802
"INDIA","10.000000",67741,35162,32579,50337,26125,24212,17404,9037,8367
"INDIA","11.000000",59530,30781,28749,43713,22732,20981,15817,8049,7768
"INDIA","12.000000",64919,33380,31539,48016,24906,23110,16903,8474,8429
"INDIA","13.000000",60556,30843,29713,44150,22690,21460,16406,8153,8253
"INDIA","14.000000",61017,30980,30037,44626,22761,21865,16391,8219,8172
"INDIA","15.000000",62680,31912,30768,46177,23624,22553,16503,8288,8215
"INDIA","16.000000",56560,28529,28031,42105,21324,20781,14455,7205,7250
"INDIA","17.000000",52601,26464,26137,38640,19511,19129,13961,6953,7008
"INDIA","18.000000",64850,32559,32291,48729,24691,24038,16121,7868,8253
"INDIA","19.000000",50317,25031,25286,37388,18756,18632,12929,6275,6654
"INDIA","20.000000",66692,33066,33626,50115,25021,25094,16577,8045,8532
"INDIA","21.000000",52468,26170,26298,38322,19257,19065,14146,6913,7233
"INDIA","22.000000",55541,27607,27934,39907,20163,19744,15634,7444,8190
"INDIA","23.000000",52447,25875,26572,37488,18566,18922,14959,7309,7650
"INDIA","24.000000",54634,26869,27765,38907,19216,19691,15727,7653,8074
"INDIA","25.000000",64930,31578,33352,46185,22703,23482,18745,8875,9870
"INDIA","26.000000",54564,27060,27504,38244,19140,19104,16320,7920,8400
"INDIA","27.000000",51322,25353,25969,35441,17635,17806,15881,7718,8163
"INDIA","28.000000",56135,27383,28752,38984,19180,19804,17151,8203,8948
"INDIA","29.000000",43526,21514,22012,30033,14968,15065,13493,6546,6947
"INDIA","30.000000",67254,33111,34143,47537,23714,23823,19717,9397,10320
"INDIA","31.000000",41008,20758,20250,28214,14448,13766,12794,6310,6484
"INDIA","32.000000",41438,20557,20881,28191,14039,14152,13247,6518,6729
"INDIA","33.000000",34322,17192,17130,22950,11612,11338,11372,5580,5792
"INDIA","34.000000",36932,18060,18872,25030,12330,12700,11902,5730,6172
"INDIA","35.000000",52295,25983,26312,36093,18172,17921,16202,7811,8391
"INDIA","36.000000",38510,19168,19342,25992,13092,12900,12518,6076,6442
"INDIA","37.000000",34719,17360,17359,23416,11777,11639,11303,5583,5720
"INDIA","38.000000",41115,19911,21204,28299,13790,14509,12816,6121,6695
"INDIA","39.000000",31814,15597,16217,21825,10808,11017,9989,4789,5200
"INDIA","40.000000",53614,26581,27033,38092,19050,19042,15522,7531,7991
"INDIA","41.000000",32370,16756,15614,22116,11521,10595,10254,5235,5019
"INDIA","42.000000",32073,16164,15909,21714,11053,10661,10359,5111,5248
"INDIA","43.000000",26217,13161,13056,17518,8913,8605,8699,4248,4451
"INDIA","44.000000",26555,13234,13321,17667,8905,8762,8888,4329,4559
"INDIA","45.000000",41160,20511,20649,28413,14257,14156,12747,6254,6493
"INDIA","46.000000",28381,14461,13920,19169,9753,9416,9212,4708,4504
"INDIA","47.000000",25588,13031,12557,17248,8852,8396,8340,4179,4161
"INDIA","48.000000",28877,14314,14563,19716,9803,9913,9161,4511,4650
"INDIA","49.000000",23024,11600,11424,15655,7995,7660,7369,3605,3764
"INDIA","50.000000",41480,20465,21015,28749,14511,14238,12731,5954,6777
"INDIA","51.000000",21452,11217,10235,14357,7627,6730,7095,3590,3505
"INDIA","52.000000",20963,10658,10305,13872,7124,6748,7091,3534,3557
"INDIA","53.000000",17319,8799,8520,11225,5684,5541,6094,3115,2979
"INDIA","54.000000",19063,9459,9604,12382,6159,6223,6681,3300,3381
"INDIA","55.000000",26785,13051,13734,17762,8799,8963,9023,4252,4771
"INDIA","56.000000",18395,9574,8821,12269,6476,5793,6126,3098,3028
"INDIA","57.000000",14805,7666,7139,9720,5059,4661,5085,2607,2478
"INDIA","58.000000",16328,8268,8060,10989,5580,5409,5339,2688,2651
"INDIA","59.000000",13186,6850,6336,8861,4641,4220,4325,2209,2116
"INDIA","60.000000",28447,14057,14390,19687,9920,9767,8760,4137,4623
"INDIA","61.000000",12650,6606,6044,8543,4485,4058,4107,2121,1986
"INDIA","62.000000",11197,5774,5423,7349,3838,3511,3848,1936,1912
"INDIA","63.000000",9570,5005,4565,6261,3327,2934,3309,1678,1631
"INDIA","64.000000",10033,5125,4908,6383,3305,3078,3650,1820,1830
"INDIA","65.000000",16886,8150,8736,11130,5512,5618,5756,2638,3118
"INDIA","66.000000",8767,4498,4269,5703,2963,2740,3064,1535,1529
"INDIA","67.000000",7175,3703,3472,4852,2537,2315,2323,1166,1157
"INDIA","68.000000",7510,3718,3792,5109,2549,2560,2401,1169,1232
"INDIA","69.000000",6310,3149,3161,4212,2116,2096,2098,1033,1065
"INDIA","70.000000",15204,7239,7965,10261,5008,5253,4943,2231,2712
"INDIA","71.000000",5901,2994,2907,3950,2033,1917,1951,961,990
"INDIA","72.000000",4863,2391,2472,3123,1554,1569,1740,837,903
"INDIA","73.000000",3823,1956,1867,2472,1279,1193,1351,677,674
"INDIA","74.000000",4462,2196,2266,2782,1427,1355,1680,769,911
"INDIA","75.000000",7923,3869,4054,5097,2503,2594,2826,1366,1460
"INDIA","76.000000",4232,2128,2104,2672,1379,1293,1560,749,811
"INDIA","77.000000",3030,1639,1391,1881,1055,826,1149,584,565
"INDIA","78.000000",3554,1725,1829,2277,1148,1129,1277,577,700
"INDIA","79.000000",2689,1302,1387,1729,876,853,960,426,534
"INDIA","80.000000",6626,3129,3497,4261,2111,2150,2365,1018,1347
"INDIA","81.000000",2644,1297,1347,1664,846,818,980,451,529
"INDIA","82.000000",1983,972,1011,1225,628,597,758,344,414
"INDIA","83.000000",1561,823,738,951,518,433,610,305,305
"INDIA","84.000000",1719,846,873,996,503,493,723,343,380
"INDIA","85.000000",2412,1200,1212,1461,741,720,951,459,492
"INDIA","86.000000",1327,663,664,794,422,372,533,241,292
"INDIA","87.000000",974,508,466,584,328,256,390,180,210
"INDIA","88.000000",837,409,428,518,264,254,319,145,174
"INDIA","89.000000",658,325,333,416,220,196,242,105,137
"INDIA","90.000000",1264,561,703,822,383,439,442,178,264
"INDIA","91.000000",530,269,261,313,175,138,217,94,123
"INDIA","92.000000",395,197,198,249,122,127,146,75,71
"INDIA","93.000000",296,142,154,162,77,85,134,65,69
"INDIA","94.000000",268,121,147,165,82,83,103,39,64
"INDIA","95.000000",424,180,244,240,113,127,184,67,117
"INDIA","96.000000",266,143,123,147,88,59,119,55,64
"INDIA","97.000000",218,100,118,124,57,67,94,43,51
"INDIA","98.000000",249,117,132,154,71,83,95,46,49
"INDIA","99.000000",127,53,74,87,38,49,40,15,25
"INDIA","100+",1016,516,500,809,421,388,207,95,112
"INDIA","Age not stated",7777,4232,3545,5652,3143,2509,2125,1089,1036
"INDIA","All ages",1097206,555339,541867,525435,269135,256300,571771,286204,285567
"INDIA","0.000000",23899,12017,11882,12868,6505,6363,11031,5512,5519
"INDIA","1.000000",28745,14711,14034,15755,8061,7694,12990,6650,6340
"INDIA","2.000000",22656,11504,11152,12817,6461,6356,9839,5043,4796
"INDIA","3.000000",23235,11844,11391,12990,6618,6372,10245,5226,5019
"INDIA","4.000000",22698,11465,11233,12542,6432,6110,10156,5033,5123
"INDIA","5.000000",23855,12056,11799,13420,6754,6666,10435,5302,5133
"INDIA","6.000000",23443,11964,11479,12992,6658,6334,10451,5306,5145
"INDIA","7.000000",24090,12123,11967,13359,6725,6634,10731,5398,5333
"INDIA","8.000000",23435,11951,11484,12933,6635,6298,10502,5316,5186
"INDIA","9.000000",22965,11794,11171,12192,6301,5891,10773,5493,5280
"INDIA","10.000000",25316,12805,12511,13489,6855,6634,11827,5950,5877
"INDIA","11.000000",23390,11958,11432,12093,6280,5813,11297,5678,5619
"INDIA","12.000000",22986,11701,11285,11887,6023,5864,11099,5678,5421
"INDIA","13.000000",22730,11631,11099,11569,5971,5598,11161,5660,5501
"INDIA","14.000000",22559,11431,11128,11050,5707,5343,11509,5724,5785
"INDIA","15.000000",22365,11437,10928,10614,5543,5071,11751,5894,5857
"INDIA","16.000000",22353,11424,10929,10330,5410,4920,12023,6014,6009
"INDIA","17.000000",21574,10973,10601,9710,5128,4582,11864,5845,6019
"INDIA","18.000000",22772,11468,11304,10128,5223,4905,12644,6245,6399
"INDIA","19.000000",21279,10605,10674,9475,4696,4779,11804,5909,5895
"INDIA","20.000000",24540,12268,12272,11380,5695,5685,13160,6573,6587
"INDIA","21.000000",21924,10828,11096,9900,4934,4966,12024,5894,6130
"INDIA","22.000000",22112,10866,11246,10160,4948,5212,11952,5918,6034
"INDIA","23.000000",21264,10569,10695,9600,4764,4836,11664,5805,5859
"INDIA","24.000000",21868,10981,10887,9929,4973,4956,11939,6008,5931
"INDIA","25.000000",22596,11417,11179,10536,5260,5276,12060,6157,5903
"INDIA","26.000000",21913,10835,11078,9931,4974,4957,11982,5861,6121
"INDIA","27.000000",19612,9850,9762,8766,4462,4304,10846,5388,5458
"INDIA","28.000000",20870,10267,10603,9320,4636,4684,11550,5631,5919
"INDIA","29.000000",17355,9021,8334,7831,4110,3721,9524,4911,4613
"INDIA","30.000000",21257,10857,10400,9891,5115,4776,11366,5742,5624
"INDIA","31.000000",18274,9190,9084,8039,4140,3899,10235,5050,5185
"INDIA","32.000000",16952,8498,8454,7232,3722,3510,9720,4776,4944
"INDIA","33.000000",16000,7982,8018,6858,3450,3408,9142,4532,4610
"INDIA","34.000000",15891,7814,8077,6720,3374,3346,9171,4440,4731
"INDIA","35.000000",18094,9242,8852,8062,4189,3873,10032,5053,4979
"INDIA","36.000000",14964,7565,7399,6457,3359,3098,8507,4206,4301
"INDIA","37.000000",13682,6945,6737,5901,3093,2808,7781,3852,3929
"INDIA","38.000000",14682,7366,7316,6312,3244,3068,8370,4122,4248
"INDIA","39.000000",10962,5699,5263,4897,2576,2321,6065,3123,2942
"INDIA","40.000000",14083,7371,6712,6402,3403,2999,7681,3968,3713
"INDIA","41.000000",11047,5710,5337,4749,2510,2239,6298,3200,3098
"INDIA","42.000000",11601,5946,5655,4687,2419,2268,6914,3527,3387
"INDIA","43.000000",9356,4826,4530,3872,1976,1896,5484,2850,2634
"INDIA","44.000000",12093,6117,5976,5108,2617,2491,6985,3500,3485
"INDIA","45.000000",12605,6399,6206,5454,2828,2626,7151,3571,3580
"INDIA","46.000000",11347,5659,5688,4831,2511,2320,6516,3148,3368
"INDIA","47.000000",10247,5226,5021,4351,2274,2077,5896,2952,2944
"INDIA","48.000000",10725,5429,5296,4667,2388,2279,6058,3041,3017
"INDIA","49.000000",8251,4315,3936,3742,1982,1760,4509,2333,2176
"INDIA","50.000000",11269,5704,5565,5408,2811,2597,5861,2893,2968
"INDIA","51.000000",9399,4809,4590,4275,2240,2035,5124,2569,2555
"INDIA","52.000000",8650,4400,4250,3882,1997,1885,4768,2403,2365
"INDIA","53.000000",7591,3929,3662,3392,1788,1604,4199,2141,2058
"INDIA","54.000000",7347,3714,3633,3301,1702,1599,4046,2012,2034
"INDIA","55.000000",7522,3872,3650,3583,1866,1717,3939,2006,1933
"INDIA","56.000000",6946,3621,3325,3273,1771,1502,3673,1850,1823
"INDIA","57.000000",5645,2918,2727,2644,1415,1229,3001,1503,1498
"INDIA","58.000000",6162,3153,3009,2867,1501,1366,3295,1652,1643
"INDIA","59.000000",4902,2575,2327,2236,1217,1019,2666,1358,1308
"INDIA","60.000000",6638,3317,3321,3327,1699,1628,3311,1618,1693
"INDIA","61.000000",4816,2422,2394,2353,1210,1143,2463,1212,1251
"INDIA","62.000000",4421,2213,2208,2074,1095,979,2347,1118,1229
"INDIA","63.000000",4650,2424,2226,2143,1162,981,2507,1262,1245
"INDIA","64.000000",3955,1981,1974,1839,944,895,2116,1037,1079
"INDIA","65.000000",4282,2080,2202,2202,1151,1051,2080,929,1151
"INDIA","66.000000",3350,1684,1666,1567,802,765,1783,882,901
"INDIA","67.000000",2895,1467,1428,1411,730,681,1484,737,747
"INDIA","68.000000",3190,1594,1596,1496,784,712,1694,810,884
"INDIA","69.000000",2453,1289,1164,1202,638,564,1251,651,600
"INDIA","70.000000",3551,1760,1791,1775,893,882,1776,867,909
"INDIA","71.000000",2443,1267,1176,1148,622,526,1295,645,650
"INDIA","72.000000",2093,1091,1002,926,489,437,1167,602,565
"INDIA","73.000000",2027,1043,984,890,482,408,1137,561,576
"INDIA","74.000000",1906,947,959,833,421,412,1073,526,547
"INDIA","75.000000",2308,1135,1173,1087,558,529,1221,577,644
"INDIA","76.000000",1617,819,798,780,429,351,837,390,447
"INDIA","77.000000",1504,729,775,628,324,304,876,405,471
"INDIA","78.000000",1322,696,626,630,334,296,692,362,330
"INDIA","79.000000",1033,505,528,474,231,243,559,274,285
"INDIA","80.000000",1585,771,814,759,369,390,826,402,424
"INDIA","81.000000",1064,534,530,451,239,212,613,295,318
"INDIA","82.000000",778,403,375,351,194,157,427,209,218
"INDIA","83.000000",699,344,355,273,132,141,426,212,214
"INDIA","84.000000",662,300,362,302,138,164,360,162,198
"INDIA","85.000000",633,292,341,300,136,164,333,156,177
"INDIA","86.000000",518,227,291,245,101,144,273,126,147
"INDIA","87.000000",381,188,193,167,78,89,214,110,104
"INDIA","88.000000",337,158,179,148,71,77,189,87,102
"INDIA","89.000000",248,103,145,104,38,66,144,65,79
"INDIA","90.000000",347,152,195,186,86,100,161,66,95
"INDIA","91.000000",173,73,100,70,32,38,103,41,62
"INDIA","92.000000",126,60,66,55,30,25,71,30,41
"INDIA","93.000000",106,53,53,44,20,24,62,33,29
"INDIA","94.000000",77,36,41,40,19,21,37,17,20
"INDIA","95.000000",96,37,59,48,22,26,48,15,33
"INDIA","96.000000",68,32,36,23,6,17,45,26,19
"INDIA","97.000000",50,26,24,23,7,16,27,19,8
"INDIA","98.000000",66,27,39,38,14,24,28,13,15
"INDIA","99.000000",42,17,25,24,10,14,18,7,11
"INDIA","100+",118,49,69,60,21,39,58,28,30
"INDIA","Age not stated",633,379,254,280,154,126,353,225,128
"INDIA","All ages",3673917,1874376,1799541,2712464,1387173,1325291,961453,487203,474250
"INDIA","0.000000",56275,28650,27625,44516,22570,21946,11759,6080,5679
"INDIA","1.000000",64108,32563,31545,51064,25883,25181,13044,6680,6364
"INDIA","2.000000",65012,33442,31570,52839,27195,25644,12173,6247,5926
"INDIA","3.000000",69528,35467,34061,55720,28377,27343,13808,7090,6718
"INDIA","4.000000",67643,34383,33260,53881,27359,26522,13762,7024,6738
"INDIA","5.000000",69220,35258,33962,54901,27966,26935,14319,7292,7027
"INDIA","6.000000",66228,34245,31983,52388,27050,25338,13840,7195,6645
"INDIA","7.000000",66430,33918,32512,52331,26766,25565,14099,7152,6947
"INDIA","8.000000",68449,34968,33481,53871,27492,26379,14578,7476,7102
"INDIA","9.000000",67408,34152,33256,52939,26775,26164,14469,7377,7092
"INDIA","10.000000",74446,38244,36202,59237,30415,28822,15209,7829,7380
"INDIA","11.000000",70154,35830,34324,55018,28076,26942,15136,7754,7382
"INDIA","12.000000",74234,38045,36189,59293,30412,28881,14941,7633,7308
"INDIA","13.000000",69374,35375,33999,54998,28164,26834,14376,7211,7165
"INDIA","14.000000",69482,35507,33975,54448,27837,26611,15034,7670,7364
"INDIA","15.000000",71020,36298,34722,55643,28476,27167,15377,7822,7555
"INDIA","16.000000",71534,36901,34633,55345,28666,26679,16189,8235,7954
"INDIA","17.000000",67462,35616,31846,51403,27424,23979,16059,8192,7867
"INDIA","18.000000",77535,38564,38971,59769,29626,30143,17766,8938,8828
"INDIA","19.000000",70278,33757,36521,52728,25185,27543,17550,8572,8978
"INDIA","20.000000",86562,41080,45482,66408,31462,34946,20154,9618,10536
"INDIA","21.000000",71419,35264,36155,53743,26595,27148,17676,8669,9007
"INDIA","22.000000",75497,37557,37940,57346,28687,28659,18151,8870,9281
"INDIA","23.000000",68459,34324,34135,50667,25388,25279,17792,8936,8856
"INDIA","24.000000",71240,35554,35686,52712,26334,26378,18528,9220,9308
"INDIA","25.000000",86486,42174,44312,65493,32038,33455,20993,10136,10857
"INDIA","26.000000",72158,36262,35896,53265,26957,26308,18893,9305,9588
"INDIA","27.000000",65499,34399,31100,47123,25007,22116,18376,9392,8984
"INDIA","28.000000",65574,33738,31836,48091,24788,23303,17483,8950,8533
"INDIA","29.000000",54432,28486,25946,38888,20599,18289,15544,7887,7657
"INDIA","30.000000",83384,42615,40769,61772,31826,29946,21612,10789,10823
"INDIA","31.000000",56722,29609,27113,40540,21461,19079,16182,8148,8034
"INDIA","32.000000",56165,29365,26800,39853,21142,18711,16312,8223,8089
"INDIA","33.000000",44456,23509,20947,30715,16460,14255,13741,7049,6692
"INDIA","34.000000",46262,24133,22129,31988,16842,15146,14274,7291,6983
"INDIA","35.000000",75829,38025,37804,55173,28073,27100,20656,9952,10704
"INDIA","36.000000",58302,29918,28384,41102,21364,19738,17200,8554,8646
"INDIA","37.000000",47530,24739,22791,32600,17234,15366,14930,7505,7425
"INDIA","38.000000",52705,26855,25850,36693,18861,17832,16012,7994,8018
"INDIA","39.000000",44976,23514,21462,30561,16126,14435,14415,7388,7027
"INDIA","40.000000",72033,36394,35639,51858,26322,25536,20175,10072,10103
"INDIA","41.000000",48497,25052,23445,33357,17363,15994,15140,7689,7451
"INDIA","42.000000",46900,24638,22262,31502,16669,14833,15398,7969,7429
"INDIA","43.000000",35737,19062,16675,23514,12577,10937,12223,6485,5738
"INDIA","44.000000",35584,18947,16637,23824,12662,11162,11760,6285,5475
"INDIA","45.000000",63824,31870,31954,45407,22693,22714,18417,9177,9240
"INDIA","46.000000",41816,21583,20233,28399,14837,13562,13417,6746,6671
"INDIA","47.000000",33261,17638,15623,21613,11532,10081,11648,6106,5542
"INDIA","48.000000",36906,19676,17230,24451,13071,11380,12455,6605,5850
"INDIA","49.000000",29662,15950,13712,19427,10530,8897,10235,5420,4815
"INDIA","50.000000",54377,27446,26931,38850,19663,19187,15527,7783,7744
"INDIA","51.000000",34631,18721,15910,23226,12711,10515,11405,6010,5395
"INDIA","52.000000",30115,16588,13527,19498,10728,8770,10617,5860,4757
"INDIA","53.000000",21160,11990,9170,12986,7400,5586,8174,4590,3584
"INDIA","54.000000",21903,11882,10021,13742,7480,6262,8161,4402,3759
"INDIA","55.000000",39778,19859,19919,27585,13772,13813,12193,6087,6106
"INDIA","56.000000",25130,13454,11676,16560,8856,7704,8570,4598,3972
"INDIA","57.000000",17703,9778,7925,10961,5921,5040,6742,3857,2885
"INDIA","58.000000",18027,9990,8037,11317,6056,5261,6710,3934,2776
"INDIA","59.000000",16236,8768,7468,10524,5461,5063,5712,3307,2405
"INDIA","60.000000",37813,18205,19608,27477,13253,14224,10336,4952,5384
"INDIA","61.000000",21016,10808,10208,14523,7377,7146,6493,3431,3062
"INDIA","62.000000",16700,8774,7926,11084,5708,5376,5616,3066,2550
"INDIA","63.000000",10494,5901,4593,6766,3713,3053,3728,2188,1540
"INDIA","64.000000",11106,5923,5183,7445,3889,3556,3661,2034,1627
"INDIA","65.000000",28872,13722,15150,21216,10228,10988,7656,3494,4162
"INDIA","66.000000",15103,7623,7480,10881,5478,5403,4222,2145,2077
"INDIA","67.000000",9601,5086,4515,6591,3487,3104,3010,1599,1411
"INDIA","68.000000",8620,4447,4173,5861,2966,2895,2759,1481,1278
"INDIA","69.000000",8284,4166,4118,5877,2908,2969,2407,1258,1149
"INDIA","70.000000",24416,11217,13199,18310,8621,9689,6106,2596,3510
"INDIA","71.000000",11626,5713,5913,8474,4241,4233,3152,1472,1680
"INDIA","72.000000",7560,3942,3618,5208,2749,2459,2352,1193,1159
"INDIA","73.000000",4300,2372,1928,2792,1537,1255,1508,835,673
"INDIA","74.000000",4422,2291,2131,2980,1550,1430,1442,741,701
"INDIA","75.000000",13121,5986,7135,9458,4431,5027,3663,1555,2108
"INDIA","76.000000",6843,3240,3603,4756,2318,2438,2087,922,1165
"INDIA","77.000000",3853,1890,1963,2619,1300,1319,1234,590,644
"INDIA","78.000000",3171,1617,1554,2164,1116,1048,1007,501,506
"INDIA","79.000000",3098,1526,1572,2168,1093,1075,930,433,497
"INDIA","80.000000",10027,4273,5754,7449,3327,4122,2578,946,1632
"INDIA","81.000000",4558,2115,2443,3325,1582,1743,1233,533,700
"INDIA","82.000000",2595,1284,1311,1827,936,891,768,348,420
"INDIA","83.000000",1360,683,677,936,481,455,424,202,222
"INDIA","84.000000",1387,685,702,970,508,462,417,177,240
"INDIA","85.000000",3957,1694,2263,2880,1279,1601,1077,415,662
"INDIA","86.000000",2099,922,1177,1512,698,814,587,224,363
"INDIA","87.000000",1148,536,612,816,398,418,332,138,194
"INDIA","88.000000",740,359,381,532,260,272,208,99,109
"INDIA","89.000000",918,411,507,683,315,368,235,96,139
"INDIA","90.000000",2948,1072,1876,2266,859,1407,682,213,469
"INDIA","91.000000",1172,465,707,857,363,494,315,102,213
"INDIA","92.000000",694,325,369,516,244,272,178,81,97
"INDIA","93.000000",391,181,210,282,139,143,109,42,67
"INDIA","94.000000",503,251,252,354,193,161,149,58,91
"INDIA","95.000000",1210,515,695,924,417,507,286,98,188
"INDIA","96.000000",647,318,329,483,247,236,164,71,93
"INDIA","97.000000",426,210,216,331,171,160,95,39,56
"INDIA","98.000000",482,236,246,376,186,190,106,50,56
"INDIA","99.000000",395,156,239,319,132,187,76,24,52
"INDIA","100+",1868,780,1088,1475,645,830,393,135,258
"INDIA","Age not stated",1616,867,749,1035,568,467,581,299,282
"INDIA","All ages",2966889,1491832,1475057,2371439,1194260,1177179,595450,297572,297878
"INDIA","0.000000",81293,41353,39940,70120,35606,34514,11173,5747,5426
"INDIA","1.000000",86262,43842,42420,75103,38144,36959,11159,5698,5461
"INDIA","2.000000",78719,39792,38927,68524,34594,33930,10195,5198,4997
"INDIA","3.000000",79413,40228,39185,68457,34554,33903,10956,5674,5282
"INDIA","4.000000",80467,40631,39836,69259,34933,34326,11208,5698,5510
"INDIA","5.000000",81201,41342,39859,69598,35409,34189,11603,5933,5670
"INDIA","6.000000",81181,41458,39723,69531,35511,34020,11650,5947,5703
"INDIA","7.000000",77705,39338,38367,66250,33508,32742,11455,5830,5625
"INDIA","8.000000",76293,38410,37883,64976,32724,32252,11317,5686,5631
"INDIA","9.000000",72802,37037,35765,61403,31195,30208,11399,5842,5557
"INDIA","10.000000",84369,42976,41393,70949,36145,34804,13420,6831,6589
"INDIA","11.000000",76711,39148,37563,63542,32440,31102,13169,6708,6461
"INDIA","12.000000",77594,39303,38291,64241,32635,31606,13353,6668,6685
"INDIA","13.000000",72085,36051,36034,58806,29415,29391,13279,6636,6643
"INDIA","14.000000",71847,35995,35852,57822,29149,28673,14025,6846,7179
"INDIA","15.000000",70691,35883,34808,56408,29040,27368,14283,6843,7440
"INDIA","16.000000",69215,35098,34117,54240,27816,26424,14975,7282,7693
"INDIA","17.000000",62310,31749,30561,48330,24934,23396,13980,6815,7165
"INDIA","18.000000",67173,33933,33240,51943,26273,25670,15230,7660,7570
"INDIA","19.000000",56799,28053,28746,43211,21075,22136,13588,6978,6610
"INDIA","20.000000",66229,32348,33881,50930,24563,26367,15299,7785,7514
"INDIA","21.000000",54953,26999,27954,41396,20049,21347,13557,6950,6607
"INDIA","22.000000",56033,27430,28603,42986,20943,22043,13047,6487,6560
"INDIA","23.000000",51948,25285,26663,39547,19128,20419,12401,6157,6244
"INDIA","24.000000",55849,27078,28771,42784,20689,22095,13065,6389,6676
"INDIA","25.000000",60881,30024,30857,47537,23398,24139,13344,6626,6718
"INDIA","26.000000",53262,26427,26835,40517,20169,20348,12745,6258,6487
"INDIA","27.000000",46646,23290,23356,35124,17561,17563,11522,5729,5793
"INDIA","28.000000",49710,24597,25113,37619,18491,19128,12091,6106,5985
"INDIA","29.000000",40782,20338,20444,31053,15345,15708,9729,4993,4736
"INDIA","30.000000",55294,28698,26596,43095,22415,20680,12199,6283,5916
"INDIA","31.000000",38218,19552,18666,28324,14491,13833,9894,5061,4833
"INDIA","32.000000",35358,17612,17746,26302,13051,13251,9056,4561,4495
"INDIA","33.000000",27790,13692,14098,20386,9980,10406,7404,3712,3692
"INDIA","34.000000",32997,16232,16765,24655,12097,12558,8342,4135,4207
"INDIA","35.000000",45232,23224,22008,34879,18073,16806,10353,5151,5202
"INDIA","36.000000",35316,17785,17531,26619,13495,13124,8697,4290,4407
"INDIA","37.000000",29041,14364,14677,21932,10845,11087,7109,3519,3590
"INDIA","38.000000",35030,16984,18046,26555,12964,13591,8475,4020,4455
"INDIA","39.000000",30087,14963,15124,23069,11513,11556,7018,3450,3568
"INDIA","40.000000",44359,22885,21474,35051,18127,16924,9308,4758,4550
"INDIA","41.000000",29023,14655,14368,21902,11156,10746,7121,3499,3622
"INDIA","42.000000",27836,13980,13856,20786,10393,10393,7050,3587,3463
"INDIA","43.000000",21573,10668,10905,16018,7879,8139,5555,2789,2766
"INDIA","44.000000",22659,11189,11470,17297,8540,8757,5362,2649,2713
"INDIA","45.000000",35469,18108,17361,27648,14176,13472,7821,3932,3889
"INDIA","46.000000",25518,13020,12498,19284,9834,9450,6234,3186,3048
"INDIA","47.000000",19958,10257,9701,15226,7833,7393,4732,2424,2308
"INDIA","48.000000",22632,11482,11150,17207,8728,8479,5425,2754,2671
"INDIA","49.000000",19538,10176,9362,15197,7862,7335,4341,2314,2027
"INDIA","50.000000",30839,16041,14798,24525,12889,11636,6314,3152,3162
"INDIA","51.000000",17674,9225,8449,13386,7055,6331,4288,2170,2118
"INDIA","52.000000",15321,7948,7373,11377,5947,5430,3944,2001,1943
"INDIA","53.000000",11855,5993,5862,8601,4383,4218,3254,1610,1644
"INDIA","54.000000",13054,6703,6351,9790,5092,4698,3264,1611,1653
"INDIA","55.000000",16910,8583,8327,13179,6760,6419,3731,1823,1908
"INDIA","56.000000",13171,6769,6402,9763,5092,4671,3408,1677,1731
"INDIA","57.000000",9379,4828,4551,6934,3543,3391,2445,1285,1160
"INDIA","58.000000",10348,5225,5123,7855,3947,3908,2493,1278,1215
"INDIA","59.000000",10301,5287,5014,8090,4171,3919,2211,1116,1095
"INDIA","60.000000",18577,9325,9252,15101,7631,7470,3476,1694,1782
"INDIA","61.000000",9893,4954,4939,7658,3865,3793,2235,1089,1146
"INDIA","62.000000",8092,4062,4030,6252,3197,3055,1840,865,975
"INDIA","63.000000",6797,3461,3336,5079,2625,2454,1718,836,882
"INDIA","64.000000",7349,3619,3730,5812,2911,2901,1537,708,829
"INDIA","65.000000",12665,6219,6446,10350,5193,5157,2315,1026,1289
"INDIA","66.000000",6861,3347,3514,5447,2700,2747,1414,647,767
"INDIA","67.000000",5031,2457,2574,4017,1998,2019,1014,459,555
"INDIA","68.000000",5662,2754,2908,4500,2214,2286,1162,540,622
"INDIA","69.000000",5555,2705,2850,4469,2210,2259,1086,495,591
"INDIA","70.000000",10576,4952,5624,8802,4232,4570,1774,720,1054
"INDIA","71.000000",4914,2356,2558,3791,1865,1926,1123,491,632
"INDIA","72.000000",3224,1536,1688,2475,1197,1278,749,339,410
"INDIA","73.000000",2284,1073,1211,1661,797,864,623,276,347
"INDIA","74.000000",2700,1244,1456,2070,990,1080,630,254,376
"INDIA","75.000000",4791,2172,2619,3760,1770,1990,1031,402,629
"INDIA","76.000000",2739,1266,1473,2074,995,1079,665,271,394
"INDIA","77.000000",1646,768,878,1200,592,608,446,176,270
"INDIA","78.000000",1821,811,1010,1380,623,757,441,188,253
"INDIA","79.000000",1848,831,1017,1441,664,777,407,167,240
"INDIA","80.000000",3812,1687,2125,3093,1430,1663,719,257,462
"INDIA","81.000000",1731,781,950,1310,627,683,421,154,267
"INDIA","82.000000",1041,490,551,742,363,379,299,127,172
"INDIA","83.000000",744,325,419,531,248,283,213,77,136
"INDIA","84.000000",889,400,489,647,308,339,242,92,150
"INDIA","85.000000",1381,578,803,1057,469,588,324,109,215
"INDIA","86.000000",753,311,442,539,235,304,214,76,138
"INDIA","87.000000",532,232,300,367,174,193,165,58,107
"INDIA","88.000000",479,206,273,324,145,179,155,61,94
"INDIA","89.000000",518,229,289,395,182,213,123,47,76
"INDIA","90.000000",1050,426,624,872,364,508,178,62,116
"INDIA","91.000000",435,179,256,332,143,189,103,36,67
"INDIA","92.000000",293,140,153,218,106,112,75,34,41
"INDIA","93.000000",214,89,125,156,71,85,58,18,40
"INDIA","94.000000",251,129,122,196,102,94,55,27,28
"INDIA","95.000000",315,137,178,240,109,131,75,28,47
"INDIA","96.000000",275,131,144,200,91,109,75,40,35
"INDIA","97.000000",188,85,103,143,63,80,45,22,23
"INDIA","98.000000",202,100,102,156,74,82,46,26,20
"INDIA","99.000000",151,79,72,123,63,60,28,16,12
"INDIA","100+",623,293,330,540,256,284,83,37,46
"INDIA","Age not stated",5784,3329,2455,4781,2601,2180,1003,728,275
"INDIA","All ages",31205576,15939443,15266133,26807034,13678989,13128045,4398542,2260454,2138088
"INDIA","0.000000",548850,280888,267962,494493,252952,241541,54357,27936,26421
"INDIA","1.000000",626156,319440,306716,559937,285474,274463,66219,33966,32253
"INDIA","2.000000",669558,340330,329228,607304,308328,298976,62254,32002,30252
"INDIA","3.000000",691614,350169,341445,626584,316776,309808,65030,33393,31637
"INDIA","4.000000",676655,344095,332560,611992,311082,300910,64663,33013,31650
"INDIA","5.000000",724716,371004,353712,654072,334471,319601,70644,36533,34111
"INDIA","6.000000",700581,357559,343022,632941,322503,310438,67640,35056,32584
"INDIA","7.000000",737356,374789,362567,663221,336763,326458,74135,38026,36109
"INDIA","8.000000",734886,374655,360231,663098,337833,325265,71788,36822,34966
"INDIA","9.000000",646800,328339,318461,577865,293048,284817,68935,35291,33644
"INDIA","10.000000",765960,395123,370837,685290,353182,332108,80670,41941,38729
"INDIA","11.000000",650207,332178,318029,574824,293479,281345,75383,38699,36684
"INDIA","12.000000",744871,383476,361395,664292,341845,322447,80579,41631,38948
"INDIA","13.000000",663109,337035,326074,586858,298094,288764,76251,38941,37310
"INDIA","14.000000",667580,341569,326011,588502,301164,287338,79078,40405,38673
"INDIA","15.000000",673552,352466,321086,593308,311253,282055,80244,41213,39031
"INDIA","16.000000",627495,333980,293515,548844,293427,255417,78651,40553,38098
"INDIA","17.000000",527775,283757,244018,452394,244607,207787,75381,39150,36231
"INDIA","18.000000",690902,358886,332016,600103,312032,288071,90799,46854,43945
"INDIA","19.000000",548857,266400,282457,469442,227173,242269,79415,39227,40188
"INDIA","20.000000",729741,345112,384629,632118,297873,334245,97623,47239,50384
"INDIA","21.000000",522991,252850,270141,442722,213458,229264,80269,39392,40877
"INDIA","22.000000",632825,310640,322185,541510,265335,276175,91315,45305,46010
"INDIA","23.000000",504378,249979,254399,424968,210407,214561,79410,39572,39838
"INDIA","24.000000",519470,256999,262471,436285,216038,220247,83185,40961,42224
"INDIA","25.000000",793337,375426,417911,686194,324807,361387,107143,50619,56524
"INDIA","26.000000",580548,286366,294182,493689,244052,249637,86859,42314,44545
"INDIA","27.000000",475582,243678,231904,397943,204958,192985,77639,38720,38919
"INDIA","28.000000",565236,286068,279168,476957,242109,234848,88279,43959,44320
"INDIA","29.000000",400444,201504,198940,331727,167137,164590,68717,34367,34350
"INDIA","30.000000",821144,403689,417455,704084,347187,356897,117060,56502,60558
"INDIA","31.000000",411671,208708,202963,343049,174133,168916,68622,34575,34047
"INDIA","32.000000",440245,225436,214809,364947,187594,177353,75298,37842,37456
"INDIA","33.000000",312877,161668,151209,257292,133237,124055,55585,28431,27154
"INDIA","34.000000",344123,174746,169377,280138,142469,137669,63985,32277,31708
"INDIA","35.000000",790349,398155,392194,671510,340226,331284,118839,57929,60910
"INDIA","36.000000",454009,231204,222805,380266,194582,185684,73743,36622,37121
"INDIA","37.000000",300095,155189,144906,243908,126527,117381,56187,28662,27525
"INDIA","38.000000",403479,206802,196677,331037,169551,161486,72442,37251,35191
"INDIA","39.000000",312541,162329,150212,253030,131144,121886,59511,31185,28326
"INDIA","40.000000",737018,379934,357084,625775,322680,303095,111243,57254,53989
"INDIA","41.000000",335655,178638,157017,276171,146883,129288,59484,31755,27729
"INDIA","42.000000",316221,170560,145661,253974,137015,116959,62247,33545,28702
"INDIA","43.000000",213164,115053,98111,168031,90590,77441,45133,24463,20670
"INDIA","44.000000",229148,121278,107870,183097,96378,86719,46051,24900,21151
"INDIA","45.000000",619212,317336,301876,522658,267854,254804,96554,49482,47072
"INDIA","46.000000",303680,161721,141959,250390,133351,117039,53290,28370,24920
"INDIA","47.000000",195196,106889,88307,154206,84258,69948,40990,22631,18359
"INDIA","48.000000",270184,147725,122459,217979,118711,99268,52205,29014,23191
"INDIA","49.000000",206977,112410,94567,165731,89283,76448,41246,23127,18119
"INDIA","50.000000",539437,276550,262887,457082,233067,224015,82355,43483,38872
"INDIA","51.000000",225801,123411,102390,185583,100493,85090,40218,22918,17300
"INDIA","52.000000",175108,100157,74951,138327,78640,59687,36781,21517,15264
"INDIA","53.000000",116250,67873,48377,88848,51314,37534,27402,16559,10843
"INDIA","54.000000",135767,74269,61498,105152,56480,48672,30615,17789,12826
"INDIA","55.000000",358078,181925,176153,302743,152656,150087,55335,29269,26066
"INDIA","56.000000",172648,94084,78564,141708,76521,65187,30940,17563,13377
"INDIA","57.000000",92982,53654,39328,71879,40875,31004,21103,12779,8324
"INDIA","58.000000",118179,66589,51590,94036,52373,41663,24143,14216,9927
"INDIA","59.000000",114938,61990,52948,92394,49116,43278,22544,12874,9670
"INDIA","60.000000",382072,184618,197454,329483,159047,170436,52589,25571,27018
"INDIA","61.000000",151622,78449,73173,127591,65356,62235,24031,13093,10938
"INDIA","62.000000",101076,54680,46396,81249,43517,37732,19827,11163,8664
"INDIA","63.000000",65652,37248,28404,50665,28307,22358,14987,8941,6046
"INDIA","64.000000",75276,39568,35708,60053,31112,28941,15223,8456,6767
"INDIA","65.000000",244849,116745,128104,210714,100587,110127,34135,16158,17977
"INDIA","66.000000",98720,50723,47997,83161,42471,40690,15559,8252,7307
"INDIA","67.000000",48327,27200,21127,38184,21280,16904,10143,5920,4223
"INDIA","68.000000",54284,29302,24982,43263,23131,20132,11021,6171,4850
"INDIA","69.000000",57462,30003,27459,47121,24369,22752,10341,5634,4707
"INDIA","70.000000",216345,104845,111500,188813,92064,96749,27532,12781,14751
"INDIA","71.000000",76531,39522,37009,65605,33778,31827,10926,5744,5182
"INDIA","72.000000",40572,22826,17746,32729,18326,14403,7843,4500,3343
"INDIA","73.000000",24017,13950,10067,18587,10734,7853,5430,3216,2214
"INDIA","74.000000",27812,15302,12510,21854,11965,9889,5958,3337,2621
"INDIA","75.000000",93847,47312,46535,80135,40844,39291,13712,6468,7244
"INDIA","76.000000",37591,20122,17469,31223,16898,14325,6368,3224,3144
"INDIA","77.000000",16004,9228,6776,12491,7225,5266,3513,2003,1510
"INDIA","78.000000",18074,10185,7889,13992,7928,6064,4082,2257,1825
"INDIA","79.000000",18836,9752,9084,15213,7943,7270,3623,1809,1814
"INDIA","80.000000",69842,32477,37365,60718,28630,32088,9124,3847,5277
"INDIA","81.000000",25003,12453,12550,21480,10760,10720,3523,1693,1830
"INDIA","82.000000",11375,6393,4982,9108,5151,3957,2267,1242,1025
"INDIA","83.000000",7026,3978,3048,5438,3124,2314,1588,854,734
"INDIA","84.000000",8378,4531,3847,6581,3628,2953,1797,903,894
"INDIA","85.000000",23503,11557,11946,19919,10020,9899,3584,1537,2047
"INDIA","86.000000",9809,4996,4813,8128,4171,3957,1681,825,856
"INDIA","87.000000",4259,2312,1947,3299,1825,1474,960,487,473
"INDIA","88.000000",3953,2198,1755,3150,1774,1376,803,424,379
"INDIA","89.000000",4908,2395,2513,4069,2014,2055,839,381,458
"INDIA","90.000000",18583,8233,10350,16414,7396,9018,2169,837,1332
"INDIA","91.000000",6895,3262,3633,6050,2886,3164,845,376,469
"INDIA","92.000000",3235,1723,1512,2693,1444,1249,542,279,263
"INDIA","93.000000",2227,1206,1021,1807,1001,806,420,205,215
"INDIA","94.000000",2706,1423,1283,2266,1197,1069,440,226,214
"INDIA","95.000000",6749,3377,3372,5893,2995,2898,856,382,474
"INDIA","96.000000",3511,1891,1620,3033,1659,1374,478,232,246
"INDIA","97.000000",1846,1054,792,1486,849,637,360,205,155
"INDIA","98.000000",2445,1323,1122,2037,1120,917,408,203,205
"INDIA","99.000000",2100,1076,1024,1876,969,907,224,107,117
"INDIA","100+",11222,5379,5843,9942,4794,5148,1280,585,695
"INDIA","Age not stated",18824,9894,8930,15019,7852,7167,3805,2042,1763
"INDIA","All ages",91276115,46809027,44467088,62183113,31844945,30338168,29093002,14964082,14128920
"INDIA","0.000000",1282793,658033,624760,956689,490080,466609,326104,167953,158151
"INDIA","1.000000",1399278,717355,681923,1022745,523724,499021,376533,193631,182902
"INDIA","2.000000",1507433,770215,737218,1119825,571400,548425,387608,198815,188793
"INDIA","3.000000",1584098,801170,782928,1178181,595158,583023,405917,206012,199905
"INDIA","4.000000",1559541,797089,762452,1155503,589802,565701,404038,207287,196751
"INDIA","5.000000",1679808,862822,816986,1241368,636191,605177,438440,226631,211809
"INDIA","6.000000",1568515,803712,764803,1146399,586300,560099,422116,217412,204704
"INDIA","7.000000",1665309,849029,816280,1215059,618025,597034,450250,231004,219246
"INDIA","8.000000",1722903,882730,840173,1270834,649812,621022,452069,232918,219151
"INDIA","9.000000",1611274,818470,792804,1174983,595030,579953,436291,223440,212851
"INDIA","10.000000",1964078,1010766,953312,1429417,733978,695439,534661,276788,257873
"INDIA","11.000000",1691201,865049,826152,1219828,621269,598559,471373,243780,227593
"INDIA","12.000000",1908789,984295,924494,1399849,719512,680337,508940,264783,244157
"INDIA","13.000000",1759893,887191,872702,1289824,648450,641374,470069,238741,231328
"INDIA","14.000000",1832562,930205,902357,1338176,677819,660357,494386,252386,242000
"INDIA","15.000000",1856644,959715,896929,1344769,695320,649449,511875,264395,247480
"INDIA","16.000000",1787844,939171,848673,1285154,679426,605728,502690,259745,242945
"INDIA","17.000000",1617440,870750,746690,1136534,619049,517485,480906,251701,229205
"INDIA","18.000000",2121174,1103257,1017917,1509693,789137,720556,611481,314120,297361
"INDIA","19.000000",1674929,829432,845497,1166545,576672,589873,508384,252760,255624
"INDIA","20.000000",2162272,1043157,1119115,1520366,731030,789336,641906,312127,329779
"INDIA","21.000000",1582756,803764,778992,1086201,552784,533417,496555,250980,245575
"INDIA","22.000000",1911605,979828,931777,1333190,686998,646192,578415,292830,285585
"INDIA","23.000000",1519179,782313,736866,1037207,538336,498871,481972,243977,237995
"INDIA","24.000000",1582510,813568,768942,1065757,553524,512233,516753,260044,256709
"INDIA","25.000000",2103646,1026692,1076954,1450370,711863,738507,653276,314829,338447
"INDIA","26.000000",1676373,852456,823917,1129803,579281,550522,546570,273175,273395
"INDIA","27.000000",1411721,732977,678744,942077,493311,448766,469644,239666,229978
"INDIA","28.000000",1669390,858415,810975,1110766,573738,537028,558624,284677,273947
"INDIA","29.000000",1136779,574364,562415,721980,365302,356678,414799,209062,205737
"INDIA","30.000000",2273370,1122177,1151193,1520840,750657,770183,752530,371520,381010
"INDIA","31.000000",1090649,549559,541090,698859,351044,347815,391790,198515,193275
"INDIA","32.000000",1387090,709939,677151,894592,458139,436453,492498,251800,240698
"INDIA","33.000000",996895,519093,477802,642397,335550,306847,354498,183543,170955
"INDIA","34.000000",1093586,563891,529695,695582,359793,335789,398004,204098,193906
"INDIA","35.000000",2235739,1104185,1131554,1490717,735448,755269,745022,368737,376285
"INDIA","36.000000",1379467,685605,693862,913909,453739,460170,465558,231866,233692
"INDIA","37.000000",1041670,528305,513365,682882,346032,336850,358788,182273,176515
"INDIA","38.000000",1380060,703659,676401,898761,457994,440767,481299,245665,235634
"INDIA","39.000000",975710,501607,474103,610432,312864,297568,365278,188743,176535
"INDIA","40.000000",2282162,1164722,1117440,1522812,771000,751812,759350,393722,365628
"INDIA","41.000000",1082291,562412,519879,713671,368368,345303,368620,194044,174576
"INDIA","42.000000",1188935,640040,548895,767093,414209,352884,421842,225831,196011
"INDIA","43.000000",797847,428723,369124,516424,279038,237386,281423,149685,131738
"INDIA","44.000000",801825,423707,378118,504731,267982,236749,297094,155725,141369
"INDIA","45.000000",1970941,1004383,966558,1297440,659111,638329,673501,345272,328229
"INDIA","46.000000",1029019,537208,491811,671402,350732,320670,357617,186476,171141
"INDIA","47.000000",714091,386701,327390,451863,246300,205563,262228,140401,121827
"INDIA","48.000000",979413,534323,445090,621351,341495,279856,358062,192828,165234
"INDIA","49.000000",642255,351597,290658,380421,209896,170525,261834,141701,120133
"INDIA","50.000000",1713807,891607,822200,1118663,580598,538065,595144,311009,284135
"INDIA","51.000000",799702,441198,358504,517004,286447,230557,282698,154751,127947
"INDIA","52.000000",725859,411010,314849,451261,257314,193947,274598,153696,120902
"INDIA","53.000000",492859,282548,210311,297886,172699,125187,194973,109849,85124
"INDIA","54.000000",525653,290869,234784,309099,172263,136836,216554,118606,97948
"INDIA","55.000000",1277976,645549,632427,837266,418421,418845,440710,227128,213582
"INDIA","56.000000",695295,375674,319621,441362,237516,203846,253933,138158,115775
"INDIA","57.000000",415069,235625,179444,250875,142165,108710,164194,93460,70734
"INDIA","58.000000",500934,281633,219301,303460,170113,133347,197474,111520,85954
"INDIA","59.000000",379376,208422,170954,215906,117985,97921,163470,90437,73033
"INDIA","60.000000",1202351,582619,619732,794621,381226,413395,407730,201393,206337
"INDIA","61.000000",523167,271593,251574,336331,172628,163703,186836,98965,87871
"INDIA","62.000000",435561,232224,203337,272037,142477,129560,163524,89747,73777
"INDIA","63.000000",287755,161065,126690,169297,93337,75960,118458,67728,50730
"INDIA","64.000000",296620,158900,137720,174160,91848,82312,122460,67052,55408
"INDIA","65.000000",898364,418497,479867,605898,277868,328030,292466,140629,151837
"INDIA","66.000000",405725,204958,200767,267770,132864,134906,137955,72094,65861
"INDIA","67.000000",231432,129025,102407,144226,78784,65442,87206,50241,36965
"INDIA","68.000000",252324,135268,117056,153063,80087,72976,99261,55181,44080
"INDIA","69.000000",195148,103532,91616,109457,56262,53195,85691,47270,38421
"INDIA","70.000000",687259,315300,371959,456471,205579,250892,230788,109721,121067
"INDIA","71.000000",262665,131532,131133,166290,80727,85563,96375,50805,45570
"INDIA","72.000000",202442,107835,94607,121342,63270,58072,81100,44565,36535
"INDIA","73.000000",119215,67637,51578,66941,37142,29799,52274,30495,21779
"INDIA","74.000000",119026,64577,54449,65887,34940,30947,53139,29637,23502
"INDIA","75.000000",343821,156758,187063,224256,100583,123673,119565,56175,63390
"INDIA","76.000000",162944,80184,82760,101825,49067,52758,61119,31117,30002
"INDIA","77.000000",79802,43347,36455,46216,24488,21728,33586,18859,14727
"INDIA","78.000000",87738,46268,41470,49497,25568,23929,38241,20700,17541
"INDIA","79.000000",65462,33659,31803,34239,17355,16884,31223,16304,14919
"INDIA","80.000000",228869,98784,130085,146650,62922,83728,82219,35862,46357
"INDIA","81.000000",90090,42256,47834,55639,25623,30016,34451,16633,17818
"INDIA","82.000000",57947,29798,28149,33306,17129,16177,24641,12669,11972
"INDIA","83.000000",33747,18229,15518,18275,9896,8379,15472,8333,7139
"INDIA","84.000000",35150,18125,17025,18735,9744,8991,16415,8381,8034
"INDIA","85.000000",94774,41652,53122,60820,26855,33965,33954,14797,19157
"INDIA","86.000000",44017,20847,23170,26432,12508,13924,17585,8339,9246
"INDIA","87.000000",21645,11390,10255,11889,6260,5629,9756,5130,4626
"INDIA","88.000000",20218,10481,9737,11289,5933,5356,8929,4548,4381
"INDIA","89.000000",16391,7667,8724,8752,4081,4671,7639,3586,4053
"INDIA","90.000000",57910,22493,35417,37557,14704,22853,20353,7789,12564
"INDIA","91.000000",29723,13396,16327,16334,7156,9178,13389,6240,7149
"INDIA","92.000000",18745,9125,9620,10289,5005,5284,8456,4120,4336
"INDIA","93.000000",8372,4230,4142,4942,2521,2421,3430,1709,1721
"INDIA","94.000000",9312,4579,4733,5603,2815,2788,3709,1764,1945
"INDIA","95.000000",23480,9848,13632,15903,6746,9157,7577,3102,4475
"INDIA","96.000000",11756,5341,6415,7449,3483,3966,4307,1858,2449
"INDIA","97.000000",7124,3551,3573,4437,2279,2158,2687,1272,1415
"INDIA","98.000000",9436,4474,4962,5895,2808,3087,3541,1666,1875
"INDIA","99.000000",5669,2414,3255,3502,1446,2056,2167,968,1199
"INDIA","100+",59186,27856,31330,33157,15331,17826,26029,12525,13504
"INDIA","Age not stated",112451,63752,48699,48381,26367,22014,64070,37385,26685
"INDIA","All ages",32988134,16930315,16057819,25055073,12776486,12278587,7933061,4153829,3779232
"INDIA","0.000000",625189,323923,301266,510676,263411,247265,114513,60512,54001
"INDIA","1.000000",682388,353600,328788,549999,283702,266297,132389,69898,62491
"INDIA","2.000000",759463,389275,370188,616397,314712,301685,143066,74563,68503
"INDIA","3.000000",811016,409861,401155,657802,330909,326893,153214,78952,74262
"INDIA","4.000000",770241,394475,375766,621831,316719,305112,148410,77756,70654
"INDIA","5.000000",864161,447878,416283,697995,359873,338122,166166,88005,78161
"INDIA","6.000000",877037,448135,428902,712807,362168,350639,164230,85967,78263
"INDIA","7.000000",790068,401517,388551,627727,316787,310940,162341,84730,77611
"INDIA","8.000000",922118,471739,450379,749801,381550,368251,172317,90189,82128
"INDIA","9.000000",685041,348610,336431,544338,275203,269135,140703,73407,67296
"INDIA","10.000000",1004485,521422,483063,810373,418955,391418,194112,102467,91645
"INDIA","11.000000",692162,356346,335816,539767,276537,263230,152395,79809,72586
"INDIA","12.000000",940691,486510,454181,753599,388684,364915,187092,97826,89266
"INDIA","13.000000",719929,364081,355848,558536,282063,276473,161393,82018,79375
"INDIA","14.000000",747129,384268,362861,574917,295807,279110,172212,88461,83751
"INDIA","15.000000",762402,408766,353636,585032,316022,269010,177370,92744,84626
"INDIA","16.000000",671906,362192,309714,497767,270845,226922,174139,91347,82792
"INDIA","17.000000",510735,278341,232394,359890,198094,161796,150845,80247,70598
"INDIA","18.000000",764258,414989,349269,565403,307946,257457,198855,107043,91812
"INDIA","19.000000",495967,250599,245368,351275,175414,175861,144692,75185,69507
"INDIA","20.000000",776043,385606,390437,579638,285703,293935,196405,99903,96502
"INDIA","21.000000",470767,244422,226345,331846,172016,159830,138921,72406,66515
"INDIA","22.000000",638032,331708,306324,469817,243861,225956,168215,87847,80368
"INDIA","23.000000",450151,222319,227832,320918,155690,165228,129233,66629,62604
"INDIA","24.000000",492629,247208,245421,350040,173814,176226,142589,73394,69195
"INDIA","25.000000",830762,421509,409253,628375,321653,306722,202387,99856,102531
"INDIA","26.000000",523214,269643,253571,376679,193231,183448,146535,76412,70123
"INDIA","27.000000",397765,202817,194948,281926,141653,140273,115839,61164,54675
"INDIA","28.000000",572986,282370,290616,426260,206092,220168,146726,76278,70448
"INDIA","29.000000",327912,165975,161937,229189,114265,114924,98723,51710,47013
"INDIA","30.000000",888857,453884,434973,677889,347799,330090,210968,106085,104883
"INDIA","31.000000",323096,166082,157014,226888,115176,111712,96208,50906,45302
"INDIA","32.000000",470684,236317,234367,347669,171697,175972,123015,64620,58395
"INDIA","33.000000",298022,144963,153059,214456,100892,113564,83566,44071,39495
"INDIA","34.000000",326637,164620,162017,230369,113729,116640,96268,50891,45377
"INDIA","35.000000",817018,433413,383605,614394,329082,285312,202624,104331,98293
"INDIA","36.000000",395308,204511,190797,288958,149147,139811,106350,55364,50986
"INDIA","37.000000",263292,130395,132897,186721,90754,95967,76571,39641,36930
"INDIA","38.000000",406920,194102,212818,302650,141286,161364,104270,52816,51454
"INDIA","39.000000",254226,130254,123972,178033,89681,88352,76193,40573,35620
"INDIA","40.000000",783364,414526,368838,595072,315918,279154,188292,98608,89684
"INDIA","41.000000",263807,141260,122547,185367,98329,87038,78440,42931,35509
"INDIA","42.000000",324983,166338,158645,238410,119313,119097,86573,47025,39548
"INDIA","43.000000",197448,95690,101758,139554,64996,74558,57894,30694,27200
"INDIA","44.000000",218904,112607,106297,153913,77992,75921,64991,34615,30376
"INDIA","45.000000",656770,348652,308118,496038,265079,230959,160732,83573,77159
"INDIA","46.000000",264647,139429,125218,189679,99366,90313,74968,40063,34905
"INDIA","47.000000",174974,88820,86154,121721,60032,61689,53253,28788,24465
"INDIA","48.000000",269010,133228,135782,198030,95706,102324,70980,37522,33458
"INDIA","49.000000",168693,88837,79856,116622,60396,56226,52071,28441,23630
"INDIA","50.000000",569654,301815,267839,435505,233545,201960,134149,68270,65879
"INDIA","51.000000",175656,95152,80504,122311,65738,56573,53345,29414,23931
"INDIA","52.000000",181323,94151,87172,129677,65817,63860,51646,28334,23312
"INDIA","53.000000",117123,58452,58671,78443,36933,41510,38680,21519,17161
"INDIA","54.000000",142425,71112,71313,95708,45919,49789,46717,25193,21524
"INDIA","55.000000",435644,211507,224137,333613,161256,172357,102031,50251,51780
"INDIA","56.000000",170726,87140,83586,121188,59843,61345,49538,27297,22241
"INDIA","57.000000",106647,54318,52329,71620,33247,38373,35027,21071,13956
"INDIA","58.000000",155299,73683,81616,112638,49476,63162,42661,24207,18454
"INDIA","59.000000",116918,60956,55962,81492,39962,41530,35426,20994,14432
"INDIA","60.000000",484065,235735,248330,385802,188073,197729,98263,47662,50601
"INDIA","61.000000",146744,74855,71889,109143,54095,55048,37601,20760,16841
"INDIA","62.000000",151324,75878,75446,116879,56454,60425,34445,19424,15021
"INDIA","63.000000",84893,42292,42601,61514,28434,33080,23379,13858,9521
"INDIA","64.000000",90456,45805,44651,66571,32442,34129,23885,13363,10522
"INDIA","65.000000",345835,169504,176331,282207,138351,143856,63628,31153,32475
"INDIA","66.000000",106128,54772,51356,82601,41842,40759,23527,12930,10597
"INDIA","67.000000",54363,28579,25784,40268,20026,20242,14095,8553,5542
"INDIA","68.000000",74461,36302,38159,56861,26141,30720,17600,10161,7439
"INDIA","69.000000",54610,28695,25915,40155,20236,19919,14455,8459,5996
"INDIA","70.000000",254698,129853,124845,207734,106230,101504,46964,23623,23341
"INDIA","71.000000",59909,31800,28109,45319,23492,21827,14590,8308,6282
"INDIA","72.000000",44454,23781,20673,33108,17116,15992,11346,6665,4681
"INDIA","73.000000",22751,12042,10709,15691,7734,7957,7060,4308,2752
"INDIA","74.000000",25296,13402,11894,17669,9029,8640,7627,4373,3254
"INDIA","75.000000",95043,46796,48247,75589,37333,38256,19454,9463,9991
"INDIA","76.000000",28287,14509,13778,20659,10241,10418,7628,4268,3360
"INDIA","77.000000",13115,6792,6323,9115,4403,4712,4000,2389,1611
"INDIA","78.000000",17545,8439,9106,12771,5784,6987,4774,2655,2119
"INDIA","79.000000",13964,7006,6958,9952,4897,5055,4012,2109,1903
"INDIA","80.000000",69829,34468,35361,55864,28057,27807,13965,6411,7554
"INDIA","81.000000",15894,8210,7684,11890,6141,5749,4004,2069,1935
"INDIA","82.000000",9432,4819,4613,6823,3410,3413,2609,1409,1200
"INDIA","83.000000",5279,2766,2513,3520,1751,1769,1759,1015,744
"INDIA","84.000000",5942,3151,2791,3992,2080,1912,1950,1071,879
"INDIA","85.000000",21434,10757,10677,16262,8372,7890,5172,2385,2787
"INDIA","86.000000",6404,3403,3001,4465,2377,2088,1939,1026,913
"INDIA","87.000000",2924,1522,1402,1935,988,947,989,534,455
"INDIA","88.000000",3474,1737,1737,2458,1177,1281,1016,560,456
"INDIA","89.000000",3130,1562,1568,2195,1084,1111,935,478,457
"INDIA","90.000000",14835,7183,7652,11599,5754,5845,3236,1429,1807
"INDIA","91.000000",3733,1895,1838,2767,1390,1377,966,505,461
"INDIA","92.000000",2617,1334,1283,1884,970,914,733,364,369
"INDIA","93.000000",1453,768,685,1031,540,491,422,228,194
"INDIA","94.000000",1830,961,869,1270,653,617,560,308,252
"INDIA","95.000000",5401,2760,2641,4102,2144,1958,1299,616,683
"INDIA","96.000000",2067,1033,1034,1470,733,737,597,300,297
"INDIA","97.000000",1152,616,536,775,408,367,377,208,169
"INDIA","98.000000",1872,903,969,1396,673,723,476,230,246
"INDIA","99.000000",1171,570,601,926,454,472,245,116,129
"INDIA","100+",8864,4490,4374,6629,3367,3262,2235,1123,1112
"INDIA","Age not stated",116734,62252,54482,56964,30125,26839,59770,32127,27643
"INDIA","All ages",41974218,21212136,20762082,34970562,17586203,17384359,7003656,3625933,3377723
"INDIA","0.000000",670909,345960,324949,575704,296513,279191,95205,49447,45758
"INDIA","1.000000",769827,399084,370743,653406,338153,315253,116421,60931,55490
"INDIA","2.000000",707887,363209,344678,609222,311665,297557,98665,51544,47121
"INDIA","3.000000",750616,381316,369300,647529,327951,319578,103087,53365,49722
"INDIA","4.000000",753790,388558,365232,650308,334284,316024,103482,54274,49208
"INDIA","5.000000",828111,429353,398758,711530,368153,343377,116581,61200,55381
"INDIA","6.000000",792054,409017,383037,678171,349113,329058,113883,59904,53979
"INDIA","7.000000",828124,419291,408833,707591,356969,350622,120533,62322,58211
"INDIA","8.000000",850364,433510,416854,731656,371645,360011,118708,61865,56843
"INDIA","9.000000",776115,394168,381947,665994,336636,329358,110121,57532,52589
"INDIA","10.000000",913606,468214,445392,782284,399530,382754,131322,68684,62638
"INDIA","11.000000",839933,428712,411221,715742,364263,351479,124191,64449,59742
"INDIA","12.000000",916799,467103,449696,783706,398499,385207,133093,68604,64489
"INDIA","13.000000",839473,420237,419236,713333,356242,357091,126140,63995,62145
"INDIA","14.000000",838814,419269,419545,710331,354009,356322,128483,65260,63223
"INDIA","15.000000",869586,436883,432703,732658,366479,366179,136928,70404,66524
"INDIA","16.000000",775052,388035,387017,644802,320852,323950,130250,67183,63067
"INDIA","17.000000",692046,346739,345307,566815,281802,285013,125231,64937,60294
"INDIA","18.000000",906416,460498,445918,746384,375829,370555,160032,84669,75363
"INDIA","19.000000",682298,340529,341769,549512,272027,277485,132786,68502,64284
"INDIA","20.000000",978031,470195,507836,807728,385238,422490,170303,84957,85346
"INDIA","21.000000",676995,338625,338370,544698,271516,273182,132297,67109,65188
"INDIA","22.000000",801401,403387,398014,653946,328127,325819,147455,75260,72195
"INDIA","23.000000",669413,331531,337882,542659,266780,275879,126754,64751,62003
"INDIA","24.000000",657687,327201,330486,529816,262002,267814,127871,65199,62672
"INDIA","25.000000",996710,471972,524738,826671,390377,436294,170039,81595,88444
"INDIA","26.000000",703464,352927,350537,573553,287802,285751,129911,65125,64786
"INDIA","27.000000",610902,310830,300072,494764,252445,242319,116138,58385,57753
"INDIA","28.000000",762125,381733,380392,624349,311982,312367,137776,69751,68025
"INDIA","29.000000",500836,255414,245422,399653,203778,195875,101183,51636,49547
"INDIA","30.000000",1056492,504205,552287,873764,414805,458959,182728,89400,93328
"INDIA","31.000000",487817,247063,240754,389955,197045,192910,97862,50018,47844
"INDIA","32.000000",605079,302942,302137,490100,244089,246011,114979,58853,56126
"INDIA","33.000000",457133,231376,225757,368742,185872,182870,88391,45504,42887
"INDIA","34.000000",496470,256647,239823,397628,205392,192236,98842,51255,47587
"INDIA","35.000000",1023976,502684,521292,844756,414515,430241,179220,88169,91051
"INDIA","36.000000",583520,294474,289046,479010,241442,237568,104510,53032,51478
"INDIA","37.000000",425817,216369,209448,340434,172609,167825,85383,43760,41623
"INDIA","38.000000",601446,298289,303157,491751,242310,249441,109695,55979,53716
"INDIA","39.000000",416429,216869,199560,331440,171716,159724,84989,45153,39836
"INDIA","40.000000",1018408,505346,513062,847321,418295,429026,171087,87051,84036
"INDIA","41.000000",457342,242420,214922,371358,196223,175135,85984,46197,39787
"INDIA","42.000000",505738,268307,237431,410743,216755,193988,94995,51552,43443
"INDIA","43.000000",347450,181339,166111,277713,144041,133672,69737,37298,32439
"INDIA","44.000000",362536,190508,172028,289178,151070,138108,73358,39438,33920
"INDIA","45.000000",866482,437220,429262,719471,361769,357702,147011,75451,71560
"INDIA","46.000000",443599,233358,210241,363332,190363,172969,80267,42995,37272
"INDIA","47.000000",310696,164935,145761,247684,130263,117421,63012,34672,28340
"INDIA","48.000000",430826,225442,205384,351120,181866,169254,79706,43576,36130
"INDIA","49.000000",282427,151411,131016,223992,118476,105516,58435,32935,25500
"INDIA","50.000000",784920,388647,396273,656535,323596,332939,128385,65051,63334
"INDIA","51.000000",320576,173338,147238,262447,140294,122153,58129,33044,25085
"INDIA","52.000000",307743,166334,141409,250453,133846,116607,57290,32488,24802
"INDIA","53.000000",204224,109710,94514,162602,85332,77270,41622,24378,17244
"INDIA","54.000000",230349,119495,110854,184025,93461,90564,46324,26034,20290
"INDIA","55.000000",585492,277931,307561,494312,231736,262576,91180,46195,44985
"INDIA","56.000000",290454,151823,138631,241982,123881,118101,48472,27942,20530
"INDIA","57.000000",182426,96710,85716,147809,76101,71708,34617,20609,14008
"INDIA","58.000000",244495,123835,120660,203544,100443,103101,40951,23392,17559
"INDIA","59.000000",180853,93992,86861,147983,75250,72733,32870,18742,14128
"INDIA","60.000000",668928,314904,354024,579147,272098,307049,89781,42806,46975
"INDIA","61.000000",259961,133010,126951,225087,114198,110889,34874,18812,16062
"INDIA","62.000000",250283,132177,118106,216761,113588,103173,33522,18589,14933
"INDIA","63.000000",145395,79149,66246,122150,65439,56711,23245,13710,9535
"INDIA","64.000000",149494,78395,71099,126299,65369,60930,23195,13026,10169
"INDIA","65.000000",471553,222967,248586,415207,196368,218839,56346,26599,29747
"INDIA","66.000000",180654,92898,87756,158121,80815,77306,22533,12083,10450
"INDIA","67.000000",100529,54942,45587,85494,46062,39432,15035,8880,6155
"INDIA","68.000000",127510,66099,61411,109162,55693,53469,18348,10406,7942
"INDIA","69.000000",99279,50943,48336,83686,42341,41345,15593,8602,6991
"INDIA","70.000000",425210,200417,224793,373162,176361,196801,52048,24056,27992
"INDIA","71.000000",129231,64878,64353,112549,56082,56467,16682,8796,7886
"INDIA","72.000000",102291,54730,47561,87947,46866,41081,14344,7864,6480
"INDIA","73.000000",53272,29753,23519,44583,24525,20058,8689,5228,3461
"INDIA","74.000000",58066,30857,27209,48278,25431,22847,9788,5426,4362
"INDIA","75.000000",184523,87822,96701,160600,76780,83820,23923,11042,12881
"INDIA","76.000000",70813,36424,34389,61276,31389,29887,9537,5035,4502
"INDIA","77.000000",35533,19652,15881,29953,16351,13602,5580,3301,2279
"INDIA","78.000000",41127,22078,19049,34778,18571,16207,6349,3507,2842
"INDIA","79.000000",32804,17318,15486,27470,14461,13009,5334,2857,2477
"INDIA","80.000000",141427,69255,72172,122907,60944,61963,18520,8311,10209
"INDIA","81.000000",41267,21294,19973,35671,18363,17308,5596,2931,2665
"INDIA","82.000000",25662,14518,11144,21533,12240,9293,4129,2278,1851
"INDIA","83.000000",13678,8104,5574,11108,6567,4541,2570,1537,1033
"INDIA","84.000000",14779,8458,6321,11997,6970,5027,2782,1488,1294
"INDIA","85.000000",43142,22656,20486,36809,19582,17227,6333,3074,3259
"INDIA","86.000000",15954,8677,7277,13422,7348,6074,2532,1329,1203
"INDIA","87.000000",7998,4658,3340,6487,3843,2644,1511,815,696
"INDIA","88.000000",7728,4363,3365,6286,3590,2696,1442,773,669
"INDIA","89.000000",6630,3463,3167,5375,2825,2550,1255,638,617
"INDIA","90.000000",26921,12830,14091,23069,11176,11893,3852,1654,2198
"INDIA","91.000000",7554,3737,3817,6321,3155,3166,1233,582,651
"INDIA","92.000000",4852,2588,2264,3953,2133,1820,899,455,444
"INDIA","93.000000",2751,1492,1259,2149,1185,964,602,307,295
"INDIA","94.000000",2998,1587,1411,2414,1305,1109,584,282,302
"INDIA","95.000000",7956,3878,4078,6685,3275,3410,1271,603,668
"INDIA","96.000000",3368,1776,1592,2757,1478,1279,611,298,313
"INDIA","97.000000",2187,1179,1008,1768,971,797,419,208,211
"INDIA","98.000000",3067,1562,1505,2557,1314,1243,510,248,262
"INDIA","99.000000",1784,861,923,1518,750,768,266,111,155
"INDIA","100+",16289,7921,8368,13157,6414,6743,3132,1507,1625
"INDIA","Age not stated",119171,61347,57824,95210,48470,46740,23961,12877,11084
"INDIA","All ages",25545198,12832895,12712303,19607961,9797426,9810535,5937237,3035469,2901768
"INDIA","0.000000",498242,253745,244497,397630,201824,195806,100612,51921,48691
"INDIA","1.000000",468402,238726,229676,367378,186399,180979,101024,52327,48697
"INDIA","2.000000",504467,255727,248740,403709,203976,199733,100758,51751,49007
"INDIA","3.000000",547284,273363,273921,441240,219410,221830,106044,53953,52091
"INDIA","4.000000",522670,265409,257261,417730,211186,206544,104940,54223,50717
"INDIA","5.000000",563788,289080,274708,451422,230326,221096,112366,58754,53612
"INDIA","6.000000",556836,283885,272951,445832,226465,219367,111004,57420,53584
"INDIA","7.000000",539435,273006,266429,426476,215027,211449,112959,57979,54980
"INDIA","8.000000",573965,292487,281478,461310,233876,227434,112655,58611,54044
"INDIA","9.000000",524734,265621,259113,421397,212102,209295,103337,53519,49818
"INDIA","10.000000",642376,328502,313874,515851,262420,253431,126525,66082,60443
"INDIA","11.000000",570607,290403,280204,455140,230619,224521,115467,59784,55683
"INDIA","12.000000",590890,299695,291195,470643,237551,233092,120247,62144,58103
"INDIA","13.000000",534300,267634,266666,420147,209475,210672,114153,58159,55994
"INDIA","14.000000",545840,274951,270889,427846,215009,212837,117994,59942,58052
"INDIA","15.000000",549690,279910,269780,429113,217719,211394,120577,62191,58386
"INDIA","16.000000",541224,273513,267711,420916,211746,209170,120308,61767,58541
"INDIA","17.000000",473687,241275,232412,360911,183115,177796,112776,58160,54616
"INDIA","18.000000",586627,301756,284871,450790,230617,220173,135837,71139,64698
"INDIA","19.000000",448614,222997,225617,336321,166137,170184,112293,56860,55433
"INDIA","20.000000",597426,291123,306303,452906,219509,233397,144520,71614,72906
"INDIA","21.000000",431371,221076,210295,317647,163454,154193,113724,57622,56102
"INDIA","22.000000",509061,259030,250031,379496,193969,185527,129565,65061,64504
"INDIA","23.000000",423959,208314,215645,311941,152205,159736,112018,56109,55909
"INDIA","24.000000",427680,213835,213845,311939,156025,155914,115741,57810,57931
"INDIA","25.000000",545177,277843,267334,406995,209435,197560,138182,68408,69774
"INDIA","26.000000",420174,217227,202947,305899,158879,147020,114275,58348,55927
"INDIA","27.000000",362048,186718,175330,261612,134986,126626,100436,51732,48704
"INDIA","28.000000",447832,221163,226669,333343,163296,170047,114489,57867,56622
"INDIA","29.000000",282069,146287,135782,200333,103931,96402,81736,42356,39380
"INDIA","30.000000",590911,294827,296084,443851,221733,222118,147060,73094,73966
"INDIA","31.000000",264699,137213,127486,186806,96290,90516,77893,40923,36970
"INDIA","32.000000",373807,183092,190715,277889,134110,143779,95918,48982,46936
"INDIA","33.000000",285862,134137,151725,213079,97358,115721,72783,36779,36004
"INDIA","34.000000",299779,148754,151025,218376,106965,111411,81403,41789,39614
"INDIA","35.000000",556017,289102,266915,416408,218908,197500,139609,70194,69415
"INDIA","36.000000",334500,171267,163233,248592,127397,121195,85908,43870,42038
"INDIA","37.000000",265970,131385,134585,196052,95605,100447,69918,35780,34138
"INDIA","38.000000",383869,177268,206601,294721,133600,161121,89148,43668,45480
"INDIA","39.000000",239058,122243,116815,173643,87832,85811,65415,34411,31004
"INDIA","40.000000",598939,306697,292242,458509,236392,222117,140430,70305,70125
"INDIA","41.000000",229989,122850,107139,164386,87354,77032,65603,35496,30107
"INDIA","42.000000",309440,156202,153238,232643,115738,116905,76797,40464,36333
"INDIA","43.000000",229703,107066,122637,171238,76435,94803,58465,30631,27834
"INDIA","44.000000",208482,103587,104895,152376,74295,78081,56106,29292,26814
"INDIA","45.000000",506454,271157,235297,387349,211052,176297,119105,60105,59000
"INDIA","46.000000",238024,125360,112664,175036,92020,83016,62988,33340,29648
"INDIA","47.000000",182272,91811,90461,132773,65063,67710,49499,26748,22751
"INDIA","48.000000",259596,126306,133290,197840,93937,103903,61756,32369,29387
"INDIA","49.000000",148028,78340,69688,105325,54372,50953,42703,23968,18735
"INDIA","50.000000",441449,231544,209905,341340,181945,159395,100109,49599,50510
"INDIA","51.000000",140319,75658,64661,99649,52874,46775,40670,22784,17886
"INDIA","52.000000",166405,84191,82214,123918,60842,63076,42487,23349,19138
"INDIA","53.000000",121370,56769,64601,88962,38571,50391,32408,18198,14210
"INDIA","54.000000",123404,62164,61240,87709,42414,45295,35695,19750,15945
"INDIA","55.000000",322778,163324,159454,251342,128279,123063,71436,35045,36391
"INDIA","56.000000",136906,70443,66463,101909,51199,50710,34997,19244,15753
"INDIA","57.000000",98039,47078,50961,73211,33005,40206,24828,14073,10755
"INDIA","58.000000",140706,63111,77595,109392,46254,63138,31314,16857,14457
"INDIA","59.000000",90924,45382,45542,67190,32208,34982,23734,13174,10560
"INDIA","60.000000",353052,164568,188484,284468,134262,150206,68584,30306,38278
"INDIA","61.000000",105834,52443,53391,80927,39381,41546,24907,13062,11845
"INDIA","62.000000",123142,57256,65886,98424,44676,53748,24718,12580,12138
"INDIA","63.000000",84255,37809,46446,65219,27691,37528,19036,10118,8918
"INDIA","64.000000",77459,36880,40579,59283,27494,31789,18176,9386,8790
"INDIA","65.000000",273277,125362,147915,223950,104357,119593,49327,21005,28322
"INDIA","66.000000",86521,40834,45687,68562,32087,36475,17959,8747,9212
"INDIA","67.000000",53324,24807,28517,41711,18478,23233,11613,6329,5284
"INDIA","68.000000",73642,31248,42394,59029,23869,35160,14613,7379,7234
"INDIA","69.000000",47046,22085,24961,36150,16401,19749,10896,5684,5212
"INDIA","70.000000",227661,103994,123667,188047,87243,100804,39614,16751,22863
"INDIA","71.000000",51736,25006,26730,40132,19027,21105,11604,5979,5625
"INDIA","72.000000",43623,21099,22524,34256,16003,18253,9367,5096,4271
"INDIA","73.000000",25060,11835,13225,18790,8193,10597,6270,3642,2628
"INDIA","74.000000",24920,12315,12605,18223,8581,9642,6697,3734,2963
"INDIA","75.000000",93850,42462,51388,76515,34914,41601,17335,7548,9787
"INDIA","76.000000",26791,12433,14358,20472,9248,11224,6319,3185,3134
"INDIA","77.000000",14355,6725,7630,10831,4667,6164,3524,2058,1466
"INDIA","78.000000",18390,7890,10500,14286,5705,8581,4104,2185,1919
"INDIA","79.000000",13192,6035,7157,10031,4411,5620,3161,1624,1537
"INDIA","80.000000",70488,31268,39220,58526,26573,31953,11962,4695,7267
"INDIA","81.000000",14788,6753,8035,11573,5343,6230,3215,1410,1805
"INDIA","82.000000",9407,4477,4930,7252,3396,3856,2155,1081,1074
"INDIA","83.000000",5605,2700,2905,4109,1891,2218,1496,809,687
"INDIA","84.000000",5723,2749,2974,4160,1970,2190,1563,779,784
"INDIA","85.000000",21005,9490,11515,16777,7767,9010,4228,1723,2505
"INDIA","86.000000",5790,2700,3090,4360,2020,2340,1430,680,750
"INDIA","87.000000",3100,1430,1670,2270,1017,1253,830,413,417
"INDIA","88.000000",3573,1590,1983,2790,1198,1592,783,392,391
"INDIA","89.000000",3093,1399,1694,2345,1051,1294,748,348,400
"INDIA","90.000000",14163,6149,8014,11673,5275,6398,2490,874,1616
"INDIA","91.000000",3711,1709,2002,2907,1356,1551,804,353,451
"INDIA","92.000000",2863,1413,1450,2211,1072,1139,652,341,311
"INDIA","93.000000",1901,885,1016,1450,653,797,451,232,219
"INDIA","94.000000",2247,1124,1123,1671,833,838,576,291,285
"INDIA","95.000000",5048,2344,2704,4031,1929,2102,1017,415,602
"INDIA","96.000000",2296,1157,1139,1754,883,871,542,274,268
"INDIA","97.000000",1532,746,786,1151,563,588,381,183,198
"INDIA","98.000000",2290,1110,1180,1829,871,958,461,239,222
"INDIA","99.000000",1151,533,618,979,461,518,172,72,100
"INDIA","100+",7005,3347,3658,5423,2639,2784,1582,708,874
"INDIA","Age not stated",23115,12107,11008,13987,7242,6745,9128,4865,4263
"INDIA","All ages",72626809,37612306,35014503,52557404,27149388,25408016,20069405,10462918,9606487
"INDIA","0.000000",1410287,733148,677139,1091300,566458,524842,318987,166690,152297
"INDIA","1.000000",1445277,756113,689164,1097511,572407,525104,347766,183706,164060
"INDIA","2.000000",1513349,783964,729385,1174259,606924,567335,339090,177040,162050
"INDIA","3.000000",1562682,802830,759852,1212825,620960,591865,349857,181870,167987
"INDIA","4.000000",1539691,798192,741499,1187665,615447,572218,352026,182745,169281
"INDIA","5.000000",1671006,889096,781910,1279975,679417,600558,391031,209679,181352
"INDIA","6.000000",1667103,872829,794274,1282196,668380,613816,384907,204449,180458
"INDIA","7.000000",1611608,833279,778329,1225059,630495,594564,386549,202784,183765
"INDIA","8.000000",1794192,930043,864149,1395824,718948,676876,398368,211095,187273
"INDIA","9.000000",1522546,784446,738100,1164521,595003,569518,358025,189443,168582
"INDIA","10.000000",1981094,1030242,950852,1523856,786305,737551,457238,243937,213301
"INDIA","11.000000",1619727,835981,783746,1223336,626084,597252,396391,209897,186494
"INDIA","12.000000",1819616,948499,871117,1390806,719800,671006,428810,228699,200111
"INDIA","13.000000",1551079,798035,753044,1158366,593136,565230,392713,204899,187814
"INDIA","14.000000",1592985,826572,766413,1184671,612776,571895,408314,213796,194518
"INDIA","15.000000",1613080,858450,754630,1190005,632822,557183,423075,225628,197447
"INDIA","16.000000",1551453,827357,724096,1136887,606419,530468,414566,220938,193628
"INDIA","17.000000",1293143,694205,598938,911781,490475,421306,381362,203730,177632
"INDIA","18.000000",1741842,943897,797945,1256756,680746,576010,485086,263151,221935
"INDIA","19.000000",1247271,656163,591108,864291,451885,412406,382980,204278,178702
"INDIA","20.000000",1771303,936168,835135,1268802,672993,595809,502501,263175,239326
"INDIA","21.000000",1191915,652578,539337,806752,447551,359201,385163,205027,180136
"INDIA","22.000000",1439163,785732,653431,1008035,558224,449811,431128,227508,203620
"INDIA","23.000000",1156612,583939,572673,796240,397329,398911,360372,186610,173762
"INDIA","24.000000",1168586,595671,572915,798930,405531,393399,369656,190140,179516
"INDIA","25.000000",1568221,854734,713487,1102256,618358,483898,465965,236376,229589
"INDIA","26.000000",1185802,625036,560766,806738,428753,377985,379064,196283,182781
"INDIA","27.000000",921586,476151,445435,614090,316704,297386,307496,159447,148049
"INDIA","28.000000",1338682,639659,699023,956871,447611,509260,381811,192048,189763
"INDIA","29.000000",773215,392745,380470,510903,256028,254875,262312,136717,125595
"INDIA","30.000000",1790488,959962,830526,1273826,697552,576274,516662,262410,254252
"INDIA","31.000000",754733,401108,353625,492256,262846,229410,262477,138262,124215
"INDIA","32.000000",1064536,535057,529479,750400,372988,377412,314136,162069,152067
"INDIA","33.000000",798561,362721,435840,566622,245265,321357,231939,117456,114483
"INDIA","34.000000",806642,391857,414785,555865,262856,293009,250777,129001,121776
"INDIA","35.000000",1594231,901015,693216,1115555,650001,465554,478676,251014,227662
"INDIA","36.000000",926094,486897,439197,643214,341351,301863,282880,145546,137334
"INDIA","37.000000",655372,322140,333232,449925,218061,231864,205447,104079,101368
"INDIA","38.000000",1065443,471480,593963,781761,335943,445818,283682,135537,148145
"INDIA","39.000000",620531,311932,308599,417152,205113,212039,203379,106819,96560
"INDIA","40.000000",1653892,913128,740764,1185652,668440,517212,468240,244688,223552
"INDIA","41.000000",626993,342744,284249,409341,225510,183831,217652,117234,100418
"INDIA","42.000000",809644,413170,396474,567496,286994,280502,242148,126176,115972
"INDIA","43.000000",582880,259953,322927,407096,170641,236455,175784,89312,86472
"INDIA","44.000000",541065,264893,276172,367673,175834,191839,173392,89059,84333
"INDIA","45.000000",1336613,750959,585654,939639,544103,395536,396974,206856,190118
"INDIA","46.000000",635559,335793,299766,424142,224519,199623,211417,111274,100143
"INDIA","47.000000",440610,218512,222098,289924,137966,151958,150686,80546,70140
"INDIA","48.000000",717006,328715,388291,515281,225124,290157,201725,103591,98134
"INDIA","49.000000",393173,204819,188354,256524,129007,127517,136649,75812,60837
"INDIA","50.000000",1208045,677297,530748,870883,501884,368999,337162,175413,161749
"INDIA","51.000000",406336,229953,176383,259599,147639,111960,146737,82314,64423
"INDIA","52.000000",437366,228498,208868,297828,151151,146677,139538,77347,62191
"INDIA","53.000000",317952,146656,171296,211544,87718,123826,106408,58938,47470
"INDIA","54.000000",324673,164118,160555,207670,99666,108004,117003,64452,52551
"INDIA","55.000000",840822,447921,392901,601882,327878,274004,238940,120043,118897
"INDIA","56.000000",370205,194836,175369,247616,128720,118896,122589,66116,56473
"INDIA","57.000000",230250,110872,119378,151968,67353,84615,78282,43519,34763
"INDIA","58.000000",379400,158994,220406,277176,106032,171144,102224,52962,49262
"INDIA","59.000000",237400,117620,119780,158471,74031,84440,78929,43589,35340
"INDIA","60.000000",955608,486214,469394,716374,374131,342243,239234,112083,127151
"INDIA","61.000000",302499,156884,145615,206079,106593,99486,96420,50291,46129
"INDIA","62.000000",315668,154244,161424,228969,108561,120408,86699,45683,41016
"INDIA","63.000000",217609,97418,120191,150803,60632,90171,66806,36786,30020
"INDIA","64.000000",196026,94703,101323,134945,61950,72995,61081,32753,28328
"INDIA","65.000000",715505,350038,365467,542550,271773,270777,172955,78265,94690
"INDIA","66.000000",241674,119503,122171,172100,84765,87335,69574,34738,34836
"INDIA","67.000000",129516,62555,66961,89933,40503,49430,39583,22052,17531
"INDIA","68.000000",206667,84165,122502,155660,58062,97598,51007,26103,24904
"INDIA","69.000000",133699,63744,69955,94142,42595,51547,39557,21149,18408
"INDIA","70.000000",663358,325824,337534,514799,259194,255605,148559,66630,81929
"INDIA","71.000000",172534,85959,86575,121904,60634,61270,50630,25325,25305
"INDIA","72.000000",124263,62682,61581,89656,43703,45953,34607,18979,15628
"INDIA","73.000000",73410,34123,39287,50626,21168,29458,22784,12955,9829
"INDIA","74.000000",73856,36658,37198,49789,23469,26320,24067,13189,10878
"INDIA","75.000000",290157,136526,153631,220907,105969,114938,69250,30557,38693
"INDIA","76.000000",90639,42978,47661,63899,30125,33774,26740,12853,13887
"INDIA","77.000000",40918,20154,20764,27584,12419,15165,13334,7735,5599
"INDIA","78.000000",58829,25016,33813,42547,16416,26131,16282,8600,7682
"INDIA","79.000000",42812,20133,22679,29914,13585,16329,12898,6548,6350
"INDIA","80.000000",239703,109960,129743,186491,88243,98248,53212,21717,31495
"INDIA","81.000000",59282,27465,31817,42265,19917,22348,17017,7548,9469
"INDIA","82.000000",31691,16124,15567,22385,11239,11146,9306,4885,4421
"INDIA","83.000000",18729,9088,9641,12416,5695,6721,6313,3393,2920
"INDIA","84.000000",19761,9792,9969,12948,6352,6596,6813,3440,3373
"INDIA","85.000000",74941,35015,39926,55492,26914,28578,19449,8101,11348
"INDIA","86.000000",23807,11330,12477,16129,7775,8354,7678,3555,4123
"INDIA","87.000000",10003,5080,4923,6433,3150,3283,3570,1930,1640
"INDIA","88.000000",12841,5760,7081,8971,3830,5141,3870,1930,1940
"INDIA","89.000000",10903,5029,5874,7387,3367,4020,3516,1662,1854
"INDIA","90.000000",56407,24487,31920,43249,19493,23756,13158,4994,8164
"INDIA","91.000000",15400,6706,8694,10945,4919,6026,4455,1787,2668
"INDIA","92.000000",8545,4146,4399,5981,2858,3123,2564,1288,1276
"INDIA","93.000000",5573,2610,2963,3709,1705,2004,1864,905,959
"INDIA","94.000000",6539,3148,3391,4366,2074,2292,2173,1074,1099
"INDIA","95.000000",18617,8513,10104,13683,6454,7229,4934,2059,2875
"INDIA","96.000000",7800,3704,4096,5334,2567,2767,2466,1137,1329
"INDIA","97.000000",4369,2173,2196,2897,1452,1445,1472,721,751
"INDIA","98.000000",6831,3184,3647,4925,2292,2633,1906,892,1014
"INDIA","99.000000",4155,1784,2371,3099,1343,1756,1056,441,615
"INDIA","100+",32172,14937,17235,22321,10472,11849,9851,4465,5386
"INDIA","Age not stated",82862,43376,39486,47310,24875,22435,35552,18501,17051
"INDIA","All ages",60439692,31491260,28948432,34694609,17799159,16895450,25745083,13692101,12052982
"INDIA","0.000000",960867,510124,450743,594190,312044,282146,366677,198080,168597
"INDIA","1.000000",1119545,593467,526078,684512,359290,325222,435033,234177,200856
"INDIA","2.000000",1116718,585751,530967,700225,363272,336953,416493,222479,194014
"INDIA","3.000000",1123762,583036,540726,706278,362268,344010,417484,220768,196716
"INDIA","4.000000",1139440,599512,539928,715688,371984,343704,423752,227528,196224
"INDIA","5.000000",1185366,636862,548504,731180,387165,344015,454186,249697,204489
"INDIA","6.000000",1131564,606632,524932,692830,365432,327398,438734,241200,197534
"INDIA","7.000000",1206246,642667,563579,737692,386470,351222,468554,256197,212357
"INDIA","8.000000",1178323,629448,548875,739884,388990,350894,438439,240458,197981
"INDIA","9.000000",1134337,610792,523545,707049,373999,333050,427288,236793,190495
"INDIA","10.000000",1311960,704106,607854,812478,427486,384992,499482,276620,222862
"INDIA","11.000000",1236591,663546,573045,762497,402077,360420,474094,261469,212625
"INDIA","12.000000",1245225,663603,581622,772750,404555,368195,472475,259048,213427
"INDIA","13.000000",1180511,626998,553513,726657,380707,345950,453854,246291,207563
"INDIA","14.000000",1175158,625581,549577,713499,374554,338945,461659,251027,210632
"INDIA","15.000000",1221988,656901,565087,740679,391524,349155,481309,265377,215932
"INDIA","16.000000",1148027,612601,535426,685110,359632,325478,462917,252969,209948
"INDIA","17.000000",1100940,592392,508548,636868,334951,301917,464072,257441,206631
"INDIA","18.000000",1297444,702316,595128,743403,388891,354512,554041,313425,240616
"INDIA","19.000000",1097361,581900,515461,600474,306576,293898,496887,275324,221563
"INDIA","20.000000",1398383,735875,662508,784696,400745,383951,613687,335130,278557
"INDIA","21.000000",1089080,583022,506058,581673,305750,275923,507407,277272,230135
"INDIA","22.000000",1179944,636266,543678,641469,341862,299607,538475,294404,244071
"INDIA","23.000000",1052828,542554,510274,563156,283533,279623,489672,259021,230651
"INDIA","24.000000",1060487,548410,512077,558120,281871,276249,502367,266539,235828
"INDIA","25.000000",1331560,725062,606498,708851,392078,316773,622709,332984,289725
"INDIA","26.000000",1046281,554557,491724,542981,285644,257337,503300,268913,234387
"INDIA","27.000000",929968,488975,440993,475827,247993,227834,454141,240982,213159
"INDIA","28.000000",1123466,560989,562477,611928,296495,315433,511538,264494,247044
"INDIA","29.000000",847547,437700,409847,427954,217193,210761,419593,220507,199086
"INDIA","30.000000",1413815,756358,657457,772307,414502,357805,641508,341856,299652
"INDIA","31.000000",813586,431557,382029,410143,216685,193458,403443,214872,188571
"INDIA","32.000000",959612,495302,464310,526862,267949,258913,432750,227353,205397
"INDIA","33.000000",771186,374644,396542,426599,198821,227778,344587,175823,168764
"INDIA","34.000000",812329,409163,403166,431954,211511,220443,380375,197652,182723
"INDIA","35.000000",1262762,704216,558546,696307,395855,300452,566455,308361,258094
"INDIA","36.000000",827772,436444,391328,448074,235445,212629,379698,200999,178699
"INDIA","37.000000",684864,350720,334144,369148,188109,181039,315716,162611,153105
"INDIA","38.000000",895890,423384,472506,516380,235587,280793,379510,187797,191713
"INDIA","39.000000",669937,343571,326366,349968,175820,174148,319969,167751,152218
"INDIA","40.000000",1260943,671435,589508,725157,388263,336894,535786,283172,252614
"INDIA","41.000000",647040,345008,302032,334720,178678,156042,312320,166330,145990
"INDIA","42.000000",776197,401005,375192,438645,224561,214084,337552,176444,161108
"INDIA","43.000000",584549,276946,307603,329121,148121,181000,255428,128825,126603
"INDIA","44.000000",596747,299482,297265,321543,156734,164809,275204,142748,132456
"INDIA","45.000000",1076760,586607,490153,610662,342125,268537,466098,244482,221616
"INDIA","46.000000",600694,314547,286147,322841,168529,154312,277853,146018,131835
"INDIA","47.000000",502074,254410,247664,265983,131748,134235,236091,122662,113429
"INDIA","48.000000",652405,306700,345705,381643,170663,210980,270762,136037,134725
"INDIA","49.000000",482080,249608,232472,249407,125763,123644,232673,123845,108828
"INDIA","50.000000",977597,514051,463546,575205,305124,270081,402392,208927,193465
"INDIA","51.000000",453595,248659,204936,233983,127882,106101,219612,120777,98835
"INDIA","52.000000",490853,257247,233606,278844,142854,135990,212009,114393,97616
"INDIA","53.000000",378031,185502,192529,207730,93979,113751,170301,91523,78778
"INDIA","54.000000",397107,203814,193293,208905,102735,106170,188202,101079,87123
"INDIA","55.000000",695613,362131,333482,408459,215696,192763,287154,146435,140719
"INDIA","56.000000",383662,202397,181265,207321,107546,99775,176341,94851,81490
"INDIA","57.000000",294418,150186,144232,158530,76579,81951,135888,73607,62281
"INDIA","58.000000",386459,173828,212631,232053,94686,137367,154406,79142,75264
"INDIA","59.000000",294795,149546,145249,155509,75047,80462,139286,74499,64787
"INDIA","60.000000",730129,356624,373505,456698,224734,231964,273431,131890,141541
"INDIA","61.000000",284292,146896,137396,155322,79313,76009,128970,67583,61387
"INDIA","62.000000",288337,143489,144848,173395,83989,89406,114942,59500,55442
"INDIA","63.000000",218392,103410,114982,124494,53910,70584,93898,49500,44398
"INDIA","64.000000",206602,100840,105762,113134,52403,60731,93468,48437,45031
"INDIA","65.000000",509712,239371,270341,324075,155190,168885,185637,84181,101456
"INDIA","66.000000",199332,99181,100151,113853,55768,58085,85479,43413,42066
"INDIA","67.000000",134935,66782,68153,74939,34569,40370,59996,32213,27783
"INDIA","68.000000",182352,76492,105860,113957,42109,71848,68395,34383,34012
"INDIA","69.000000",143741,68176,75565,80445,35974,44471,63296,32202,31094
"INDIA","70.000000",464620,206352,258268,311048,140688,170360,153572,65664,87908
"INDIA","71.000000",149830,73543,76287,85992,41703,44289,63838,31840,31998
"INDIA","72.000000",124793,60820,63973,75203,35383,39820,49590,25437,24153
"INDIA","73.000000",80045,38119,41926,44947,19451,25496,35098,18668,16430
"INDIA","74.000000",80389,38688,41701,42535,19377,23158,37854,19311,18543
"INDIA","75.000000",210973,91520,119453,135577,59714,75863,75396,31806,43590
"INDIA","76.000000",76990,36185,40805,43354,19892,23462,33636,16293,17343
"INDIA","77.000000",48111,23509,24602,24967,11215,13752,23144,12294,10850
"INDIA","78.000000",57683,24438,33245,33447,12395,21052,24236,12043,12193
"INDIA","79.000000",46239,20689,25550,24659,10327,14332,21580,10362,11218
"INDIA","80.000000",174171,69765,104406,116549,47949,68600,57622,21816,35806
"INDIA","81.000000",48468,21305,27163,28214,12295,15919,20254,9010,11244
"INDIA","82.000000",32177,15057,17120,18578,8528,10050,13599,6529,7070
"INDIA","83.000000",20589,9469,11120,10701,4547,6154,9888,4922,4966
"INDIA","84.000000",20424,9174,11250,10099,4470,5629,10325,4704,5621
"INDIA","85.000000",60571,25062,35509,37639,16293,21346,22932,8769,14163
"INDIA","86.000000",19836,8895,10941,10633,4798,5835,9203,4097,5106
"INDIA","87.000000",10717,4984,5733,5225,2363,2862,5492,2621,2871
"INDIA","88.000000",11414,4860,6554,6153,2460,3693,5261,2400,2861
"INDIA","89.000000",10540,4388,6152,5487,2226,3261,5053,2162,2891
"INDIA","90.000000",39349,14102,25247,25988,9606,16382,13361,4496,8865
"INDIA","91.000000",12798,5429,7369,7178,2962,4216,5620,2467,3153
"INDIA","92.000000",9513,4375,5138,5081,2266,2815,4432,2109,2323
"INDIA","93.000000",6082,2782,3300,3014,1318,1696,3068,1464,1604
"INDIA","94.000000",6591,2955,3636,3324,1442,1882,3267,1513,1754
"INDIA","95.000000",15718,6393,9325,9641,3951,5690,6077,2442,3635
"INDIA","96.000000",6888,3098,3790,3653,1597,2056,3235,1501,1734
"INDIA","97.000000",4859,2304,2555,2499,1166,1333,2360,1138,1222
"INDIA","98.000000",6833,2981,3852,3895,1578,2317,2938,1403,1535
"INDIA","99.000000",4423,1665,2758,2845,1054,1791,1578,611,967
"INDIA","100+",27101,11434,15667,15889,6285,9604,11212,5149,6063
"INDIA","Age not stated",238844,125546,113298,115682,59273,56409,123162,66273,56889
"INDIA","All ages",243247,150301,92946,60396,32395,28001,182851,117906,64945
"INDIA","0.000000",3183,1675,1508,878,444,434,2305,1231,1074
"INDIA","1.000000",3859,1977,1882,1043,550,493,2816,1427,1389
"INDIA","2.000000",4044,2111,1933,1079,565,514,2965,1546,1419
"INDIA","3.000000",4089,2115,1974,1056,535,521,3033,1580,1453
"INDIA","4.000000",3983,2142,1841,1118,598,520,2865,1544,1321
"INDIA","5.000000",3990,2145,1845,1107,596,511,2883,1549,1334
"INDIA","6.000000",3786,1979,1807,1157,561,596,2629,1418,1211
"INDIA","7.000000",3770,1998,1772,1176,622,554,2594,1376,1218
"INDIA","8.000000",3648,1934,1714,1194,620,574,2454,1314,1140
"INDIA","9.000000",3312,1772,1540,1133,583,550,2179,1189,990
"INDIA","10.000000",3732,1982,1750,1321,668,653,2411,1314,1097
"INDIA","11.000000",3597,1940,1657,1330,722,608,2267,1218,1049
"INDIA","12.000000",3378,1818,1560,1265,674,591,2113,1144,969
"INDIA","13.000000",3289,1747,1542,1231,620,611,2058,1127,931
"INDIA","14.000000",3325,1813,1512,1188,618,570,2137,1195,942
"INDIA","15.000000",3550,2068,1482,1222,660,562,2328,1408,920
"INDIA","16.000000",3876,2421,1455,1214,677,537,2662,1744,918
"INDIA","17.000000",4511,3048,1463,1293,704,589,3218,2344,874
"INDIA","18.000000",7599,5777,1822,1484,908,576,6115,4869,1246
"INDIA","19.000000",6778,4925,1853,1442,817,625,5336,4108,1228
"INDIA","20.000000",9389,7064,2325,1671,995,676,7718,6069,1649
"INDIA","21.000000",6868,4955,1913,1351,792,559,5517,4163,1354
"INDIA","22.000000",8639,6378,2261,1496,884,612,7143,5494,1649
"INDIA","23.000000",6690,4711,1979,1198,699,499,5492,4012,1480
"INDIA","24.000000",6998,4817,2181,1308,747,561,5690,4070,1620
"INDIA","25.000000",9382,6452,2930,1510,868,642,7872,5584,2288
"INDIA","26.000000",6837,4625,2212,1264,709,555,5573,3916,1657
"INDIA","27.000000",5519,3637,1882,1083,614,469,4436,3023,1413
"INDIA","28.000000",6677,4376,2301,1215,678,537,5462,3698,1764
"INDIA","29.000000",4766,2954,1812,1053,547,506,3713,2407,1306
"INDIA","30.000000",8048,5475,2573,1367,792,575,6681,4683,1998
"INDIA","31.000000",4042,2485,1557,982,531,451,3060,1954,1106
"INDIA","32.000000",4757,3033,1724,954,530,424,3803,2503,1300
"INDIA","33.000000",3367,1994,1373,823,429,394,2544,1565,979
"INDIA","34.000000",3817,2327,1490,951,541,410,2866,1786,1080
"INDIA","35.000000",6491,4352,2139,1229,700,529,5262,3652,1610
"INDIA","36.000000",3845,2377,1468,954,504,450,2891,1873,1018
"INDIA","37.000000",2922,1731,1191,768,404,364,2154,1327,827
"INDIA","38.000000",3458,2083,1375,883,479,404,2575,1604,971
"INDIA","39.000000",2834,1712,1122,847,514,333,1987,1198,789
"INDIA","40.000000",4779,3126,1653,1018,578,440,3761,2548,1213
"INDIA","41.000000",2437,1498,939,647,372,275,1790,1126,664
"INDIA","42.000000",2529,1515,1014,669,352,317,1860,1163,697
"INDIA","43.000000",1975,1125,850,590,301,289,1385,824,561
"INDIA","44.000000",1881,1120,761,565,302,263,1316,818,498
"INDIA","45.000000",3153,1981,1172,731,400,331,2422,1581,841
"INDIA","46.000000",1816,1065,751,571,317,254,1245,748,497
"INDIA","47.000000",1562,857,705,493,248,245,1069,609,460
"INDIA","48.000000",1617,934,683,505,271,234,1112,663,449
"INDIA","49.000000",1470,812,658,466,260,206,1004,552,452
"INDIA","50.000000",2255,1317,938,636,321,315,1619,996,623
"INDIA","51.000000",1208,657,551,396,193,203,812,464,348
"INDIA","52.000000",1146,621,525,360,185,175,786,436,350
"INDIA","53.000000",968,513,455,336,166,170,632,347,285
"INDIA","54.000000",1033,538,495,362,182,180,671,356,315
"INDIA","55.000000",1472,787,685,439,216,223,1033,571,462
"INDIA","56.000000",1061,549,512,331,163,168,730,386,344
"INDIA","57.000000",845,429,416,255,118,137,590,311,279
"INDIA","58.000000",868,432,436,245,122,123,623,310,313
"INDIA","59.000000",810,379,431,277,121,156,533,258,275
"INDIA","60.000000",1533,691,842,477,203,274,1056,488,568
"INDIA","61.000000",822,393,429,240,101,139,582,292,290
"INDIA","62.000000",715,317,398,231,97,134,484,220,264
"INDIA","63.000000",642,311,331,223,102,121,419,209,210
"INDIA","64.000000",596,265,331,217,89,128,379,176,203
"INDIA","65.000000",1000,398,602,314,132,182,686,266,420
"INDIA","66.000000",544,267,277,178,82,96,366,185,181
"INDIA","67.000000",398,180,218,127,56,71,271,124,147
"INDIA","68.000000",474,207,267,137,63,74,337,144,193
"INDIA","69.000000",337,130,207,114,41,73,223,89,134
"INDIA","70.000000",865,309,556,285,103,182,580,206,374
"INDIA","71.000000",375,158,217,121,48,73,254,110,144
"INDIA","72.000000",321,138,183,94,41,53,227,97,130
"INDIA","73.000000",280,121,159,94,42,52,186,79,107
"INDIA","74.000000",262,115,147,81,41,40,181,74,107
"INDIA","75.000000",410,166,244,130,47,83,280,119,161
"INDIA","76.000000",204,87,117,54,19,35,150,68,82
"INDIA","77.000000",154,56,98,42,11,31,112,45,67
"INDIA","78.000000",155,74,81,46,20,26,109,54,55
"INDIA","79.000000",144,54,90,42,15,27,102,39,63
"INDIA","80.000000",276,94,182,97,34,63,179,60,119
"INDIA","81.000000",119,39,80,28,12,16,91,27,64
"INDIA","82.000000",95,32,63,38,9,29,57,23,34
"INDIA","83.000000",72,24,48,25,7,18,47,17,30
"INDIA","84.000000",73,26,47,28,7,21,45,19,26
"INDIA","85.000000",98,31,67,27,5,22,71,26,45
"INDIA","86.000000",48,18,30,12,3,9,36,15,21
"INDIA","87.000000",39,22,17,11,5,6,28,17,11
"INDIA","88.000000",26,12,14,10,4,6,16,8,8
"INDIA","89.000000",28,11,17,7,3,4,21,8,13
"INDIA","90.000000",52,20,32,11,6,5,41,14,27
"INDIA","91.000000",30,12,18,5,2,3,25,10,15
"INDIA","92.000000",27,10,17,9,4,5,18,6,12
"INDIA","93.000000",12,4,8,3,2,1,9,2,7
"INDIA","94.000000",11,5,6,3,3,0,8,2,6
"INDIA","95.000000",22,14,8,6,2,4,16,12,4
"INDIA","96.000000",19,13,6,1,0,1,18,13,5
"INDIA","97.000000",9,7,2,0,0,0,9,7,2
"INDIA","98.000000",10,7,3,1,0,1,9,7,2
"INDIA","99.000000",7,4,3,1,0,1,6,4,2
"INDIA","100+",57,31,26,13,4,9,44,27,17
"INDIA","Age not stated",356,248,108,83,43,40,273,205,68
"INDIA","All ages",343709,193760,149949,183114,98305,84809,160595,95455,65140
"INDIA","0.000000",6194,3181,3013,3461,1723,1738,2733,1458,1275
"INDIA","1.000000",7446,3881,3565,4239,2169,2070,3207,1712,1495
"INDIA","2.000000",7709,3994,3715,4282,2158,2124,3427,1836,1591
"INDIA","3.000000",7598,3935,3663,4229,2160,2069,3369,1775,1594
"INDIA","4.000000",7614,3911,3703,4390,2200,2190,3224,1711,1513
"INDIA","5.000000",7427,3877,3550,4065,2084,1981,3362,1793,1569
"INDIA","6.000000",6907,3652,3255,3838,1973,1865,3069,1679,1390
"INDIA","7.000000",7493,3977,3516,4290,2227,2063,3203,1750,1453
"INDIA","8.000000",7482,3905,3577,4605,2371,2234,2877,1534,1343
"INDIA","9.000000",6940,3648,3292,4242,2139,2103,2698,1509,1189
"INDIA","10.000000",7835,4051,3784,4945,2539,2406,2890,1512,1378
"INDIA","11.000000",7397,3895,3502,4789,2486,2303,2608,1409,1199
"INDIA","12.000000",6853,3559,3294,4381,2226,2155,2472,1333,1139
"INDIA","13.000000",6728,3573,3155,4358,2266,2092,2370,1307,1063
"INDIA","14.000000",6190,3307,2883,3879,2047,1832,2311,1260,1051
"INDIA","15.000000",6048,3280,2768,3786,1993,1793,2262,1287,975
"INDIA","16.000000",5665,3087,2578,3517,1840,1677,2148,1247,901
"INDIA","17.000000",5682,3386,2296,3287,1882,1405,2395,1504,891
"INDIA","18.000000",8075,5218,2857,4404,2609,1795,3671,2609,1062
"INDIA","19.000000",7634,5008,2626,4019,2451,1568,3615,2557,1058
"INDIA","20.000000",9911,6247,3664,5101,3011,2090,4810,3236,1574
"INDIA","21.000000",8276,5242,3034,4168,2519,1649,4108,2723,1385
"INDIA","22.000000",9656,6102,3554,4718,2875,1843,4938,3227,1711
"INDIA","23.000000",7785,4747,3038,3807,2218,1589,3978,2529,1449
"INDIA","24.000000",8673,5257,3416,4138,2443,1695,4535,2814,1721
"INDIA","25.000000",10524,6278,4246,4748,2801,1947,5776,3477,2299
"INDIA","26.000000",8398,4949,3449,3812,2249,1563,4586,2700,1886
"INDIA","27.000000",7002,4177,2825,3085,1814,1271,3917,2363,1554
"INDIA","28.000000",7913,4556,3357,3535,1990,1545,4378,2566,1812
"INDIA","29.000000",6048,3536,2512,2477,1401,1076,3571,2135,1436
"INDIA","30.000000",9354,5633,3721,3923,2310,1613,5431,3323,2108
"INDIA","31.000000",5670,3350,2320,2442,1374,1068,3228,1976,1252
"INDIA","32.000000",5845,3449,2396,2468,1406,1062,3377,2043,1334
"INDIA","33.000000",4660,2577,2083,2152,1100,1052,2508,1477,1031
"INDIA","34.000000",5112,2948,2164,2115,1132,983,2997,1816,1181
"INDIA","35.000000",7761,4698,3063,3336,1926,1410,4425,2772,1653
"INDIA","36.000000",4862,2886,1976,2109,1154,955,2753,1732,1021
"INDIA","37.000000",4140,2392,1748,1898,999,899,2242,1393,849
"INDIA","38.000000",4853,2724,2129,2422,1240,1182,2431,1484,947
"INDIA","39.000000",3661,2162,1499,1673,890,783,1988,1272,716
"INDIA","40.000000",6128,3699,2429,3055,1754,1301,3073,1945,1128
"INDIA","41.000000",3339,1949,1390,1663,847,816,1676,1102,574
"INDIA","42.000000",3335,1923,1412,1751,904,847,1584,1019,565
"INDIA","43.000000",2829,1509,1320,1579,737,842,1250,772,478
"INDIA","44.000000",2550,1474,1076,1305,696,609,1245,778,467
"INDIA","45.000000",4561,2636,1925,2492,1365,1127,2069,1271,798
"INDIA","46.000000",2586,1409,1177,1405,707,698,1181,702,479
"INDIA","47.000000",2029,1078,951,1139,551,588,890,527,363
"INDIA","48.000000",2635,1460,1175,1641,837,804,994,623,371
"INDIA","49.000000",1978,1088,890,1154,599,555,824,489,335
"INDIA","50.000000",3429,1951,1478,2061,1125,936,1368,826,542
"INDIA","51.000000",1788,1010,778,1120,591,529,668,419,249
"INDIA","52.000000",1630,877,753,999,522,477,631,355,276
"INDIA","53.000000",1307,656,651,815,395,420,492,261,231
"INDIA","54.000000",1349,721,628,733,381,352,616,340,276
"INDIA","55.000000",2357,1262,1095,1409,766,643,948,496,452
"INDIA","56.000000",1288,655,633,761,366,395,527,289,238
"INDIA","57.000000",915,463,452,541,260,281,374,203,171
"INDIA","58.000000",1354,641,713,894,381,513,460,260,200
"INDIA","59.000000",1037,505,532,606,263,343,431,242,189
"INDIA","60.000000",2298,1074,1224,1486,679,807,812,395,417
"INDIA","61.000000",1071,542,529,683,319,364,388,223,165
"INDIA","62.000000",986,479,507,630,288,342,356,191,165
"INDIA","63.000000",773,350,423,503,215,288,270,135,135
"INDIA","64.000000",703,349,354,414,189,225,289,160,129
"INDIA","65.000000",1616,777,839,1026,484,542,590,293,297
"INDIA","66.000000",694,331,363,426,198,228,268,133,135
"INDIA","67.000000",420,199,221,268,118,150,152,81,71
"INDIA","68.000000",546,232,314,363,143,220,183,89,94
"INDIA","69.000000",440,216,224,278,124,154,162,92,70
"INDIA","70.000000",1147,485,662,747,300,447,400,185,215
"INDIA","71.000000",466,206,260,310,129,181,156,77,79
"INDIA","72.000000",292,113,179,181,71,110,111,42,69
"INDIA","73.000000",228,93,135,152,51,101,76,42,34
"INDIA","74.000000",176,76,100,95,36,59,81,40,41
"INDIA","75.000000",435,186,249,262,107,155,173,79,94
"INDIA","76.000000",179,68,111,114,35,79,65,33,32
"INDIA","77.000000",113,50,63,61,25,36,52,25,27
"INDIA","78.000000",111,43,68,64,23,41,47,20,27
"INDIA","79.000000",120,47,73,58,18,40,62,29,33
"INDIA","80.000000",277,96,181,156,56,100,121,40,81
"INDIA","81.000000",100,33,67,56,17,39,44,16,28
"INDIA","82.000000",79,39,40,40,18,22,39,21,18
"INDIA","83.000000",53,18,35,26,6,20,27,12,15
"INDIA","84.000000",37,17,20,17,7,10,20,10,10
"INDIA","85.000000",106,41,65,51,16,35,55,25,30
"INDIA","86.000000",58,25,33,25,11,14,33,14,19
"INDIA","87.000000",19,10,9,6,4,2,13,6,7
"INDIA","88.000000",27,20,7,8,7,1,19,13,6
"INDIA","89.000000",27,9,18,14,5,9,13,4,9
"INDIA","90.000000",64,27,37,23,7,16,41,20,21
"INDIA","91.000000",19,12,7,8,5,3,11,7,4
"INDIA","92.000000",25,16,9,8,6,2,17,10,7
"INDIA","93.000000",15,8,7,8,4,4,7,4,3
"INDIA","94.000000",17,7,10,5,1,4,12,6,6
"INDIA","95.000000",25,8,17,14,4,10,11,4,7
"INDIA","96.000000",20,9,11,10,4,6,10,5,5
"INDIA","97.000000",20,11,9,6,5,1,14,6,8
"INDIA","98.000000",15,8,7,5,3,2,10,5,5
"INDIA","99.000000",6,0,6,4,0,4,2,0,2
"INDIA","100+",69,29,40,27,12,15,42,17,25
"INDIA","Age not stated",372,200,172,220,113,107,152,87,65
"INDIA","All ages",112374333,58243056,54131277,61556074,31539034,30017040,50818259,26704022,24114237
"INDIA","0.000000",1775560,946095,829465,1028294,551481,476813,747266,394614,352652
"INDIA","1.000000",1926342,1021679,904663,1101100,587212,513888,825242,434467,390775
"INDIA","2.000000",1888543,996272,892271,1098738,581369,517369,789805,414903,374902
"INDIA","3.000000",1895221,990688,904533,1101102,576048,525054,794119,414640,379479
"INDIA","4.000000",1876360,984895,891465,1088575,572261,516314,787785,412634,375151
"INDIA","5.000000",2010382,1066065,944317,1155100,612339,542761,855282,453726,401556
"INDIA","6.000000",1954109,1029697,924412,1116045,586689,529356,838064,443008,395056
"INDIA","7.000000",1961711,1027436,934275,1104823,576762,528061,856888,450674,406214
"INDIA","8.000000",1935680,1019451,916229,1123298,589439,533859,812382,430012,382370
"INDIA","9.000000",1958772,1035528,923244,1151347,606638,544709,807425,428890,378535
"INDIA","10.000000",2317339,1227446,1089893,1348170,711318,636852,969169,516128,453041
"INDIA","11.000000",2163710,1141531,1022179,1263201,664482,598719,900509,477049,423460
"INDIA","12.000000",2101229,1111511,989718,1223544,644103,579441,877685,467408,410277
"INDIA","13.000000",2072737,1086667,986070,1209316,631466,577850,863421,455201,408220
"INDIA","14.000000",2079520,1095106,984414,1211826,636787,575039,867694,458319,409375
"INDIA","15.000000",2118780,1128043,990737,1231204,654820,576384,887576,473223,414353
"INDIA","16.000000",2088367,1117920,970447,1215567,652477,563090,872800,465443,407357
"INDIA","17.000000",1987095,1073589,913506,1115869,605491,510378,871226,468098,403128
"INDIA","18.000000",2377052,1296423,1080629,1318542,717166,601376,1058510,579257,479253
"INDIA","19.000000",2055973,1094425,961548,1098483,579270,519213,957490,515155,442335
"INDIA","20.000000",2592525,1341142,1251383,1415130,717655,697475,1177395,623487,553908
"INDIA","21.000000",2118952,1131553,987399,1107659,591614,516045,1011293,539939,471354
"INDIA","22.000000",2330053,1245195,1084858,1219671,649710,569961,1110382,595485,514897
"INDIA","23.000000",1996850,1054630,942220,1001534,528276,473258,995316,526354,468962
"INDIA","24.000000",2052586,1072594,979992,1020850,530944,489906,1031736,541650,490086
"INDIA","25.000000",2588930,1312088,1276842,1350102,674839,675263,1238828,637249,601579
"INDIA","26.000000",2062553,1079451,983102,1013322,530296,483026,1049231,549155,500076
"INDIA","27.000000",1826531,961132,865399,883126,463613,419513,943405,497519,445886
"INDIA","28.000000",2067222,1074976,992246,1026442,525432,501010,1040780,549544,491236
"INDIA","29.000000",1601877,844913,756964,752286,395172,357114,849591,449741,399850
"INDIA","30.000000",2757064,1384073,1372991,1462834,713087,749747,1294230,670986,623244
"INDIA","31.000000",1548794,814928,733866,732278,380339,351939,816516,434589,381927
"INDIA","32.000000",1714660,897172,817488,862358,442008,420350,852302,455164,397138
"INDIA","33.000000",1287968,668756,619212,620836,316488,304348,667132,352268,314864
"INDIA","34.000000",1487821,771368,716453,716895,366835,350060,770926,404533,366393
"INDIA","35.000000",2591092,1302046,1289046,1396681,684444,712237,1194411,617602,576809
"INDIA","36.000000",1585038,813296,771742,794251,399914,394337,790787,413382,377405
"INDIA","37.000000",1211057,618877,592180,590210,294769,295441,620847,324108,296739
"INDIA","38.000000",1632934,825866,807068,853569,424409,429160,779365,401457,377908
"INDIA","39.000000",1227039,649349,577690,588646,307739,280907,638393,341610,296783
"INDIA","40.000000",2560132,1284058,1276074,1447918,705873,742045,1112214,578185,534029
"INDIA","41.000000",1280248,681969,598279,632822,335141,297681,647426,346828,300598
"INDIA","42.000000",1368558,730715,637843,710369,375692,334677,658189,355023,303166
"INDIA","43.000000",974530,515723,458807,475994,250175,225819,498536,265548,232988
"INDIA","44.000000",1012621,532360,480261,496486,258059,238427,516135,274301,241834
"INDIA","45.000000",2175250,1086886,1088364,1239810,609490,630320,935440,477396,458044
"INDIA","46.000000",1126118,587077,539041,566970,291934,275036,559148,295143,264005
"INDIA","47.000000",865431,455642,409789,423350,218720,204630,442081,236922,205159
"INDIA","48.000000",1047648,543463,504185,541733,275576,266157,505915,267887,238028
"INDIA","49.000000",818007,443150,374857,395245,211433,183812,422762,231717,191045
"INDIA","50.000000",1927821,954219,973602,1139014,553091,585923,788807,401128,387679
"INDIA","51.000000",851257,462630,388627,426967,229151,197816,424290,233479,190811
"INDIA","52.000000",810007,444047,365960,416729,224665,192064,393278,219382,173896
"INDIA","53.000000",603038,331183,271855,284011,152261,131750,319027,178922,140105
"INDIA","54.000000",727194,388912,338282,353108,185779,167329,374086,203133,170953
"INDIA","55.000000",1454108,693406,760702,877264,407873,469391,576844,285533,291311
"INDIA","56.000000",739533,388657,350876,382784,196332,186452,356749,192325,164424
"INDIA","57.000000",512031,275974,236057,249602,130107,119495,262429,145867,116562
"INDIA","58.000000",642304,335689,306615,336928,169237,167691,305376,166452,138924
"INDIA","59.000000",537838,280403,257435,270677,135429,135248,267161,144974,122187
"INDIA","60.000000",1583069,691433,891636,1015383,429317,586066,567686,262116,305570
"INDIA","61.000000",625777,305592,320185,347156,162356,184800,278621,143236,135385
"INDIA","62.000000",553629,273842,279787,319168,150256,168912,234461,123586,110875
"INDIA","63.000000",428288,223279,205009,221740,110365,111375,206548,112914,93634
"INDIA","64.000000",451717,222493,229224,251896,118461,133435,199821,104032,95789
"INDIA","65.000000",1416322,606545,809777,985363,420149,565214,430959,186396,244563
"INDIA","66.000000",571519,269713,301806,362692,166393,196299,208827,103320,105507
"INDIA","67.000000",352299,184032,168267,211723,106991,104732,140576,77041,63535
"INDIA","68.000000",406824,208567,198257,251749,125868,125881,155075,82699,72376
"INDIA","69.000000",331388,171381,160007,197385,100743,96642,134003,70638,63365
"INDIA","70.000000",1142588,518204,624384,814703,376046,438657,327885,142158,185727
"INDIA","71.000000",371600,186373,185227,231060,115622,115438,140540,70751,69789
"INDIA","72.000000",277613,146470,131143,173280,90755,82525,104333,55715,48618
"INDIA","73.000000",165692,91126,74566,89445,48679,40766,76247,42447,33800
"INDIA","74.000000",185643,97119,88524,102729,53668,49061,82914,43451,39463
"INDIA","75.000000",520375,235323,285052,357256,164973,192283,163119,70350,92769
"INDIA","76.000000",198127,98277,99850,119221,59237,59984,78906,39040,39866
"INDIA","77.000000",113396,62367,51029,60257,33351,26906,53139,29016,24123
"INDIA","78.000000",128432,67300,61132,71920,37828,34092,56512,29472,27040
"INDIA","79.000000",102443,52164,50279,56073,28786,27287,46370,23378,22992
"INDIA","80.000000",365177,157642,207535,253153,112920,140233,112024,44722,67302
"INDIA","81.000000",111620,53523,58097,66420,32236,34184,45200,21287,23913
"INDIA","82.000000",68545,35679,32866,38263,20135,18128,30282,15544,14738
"INDIA","83.000000",44946,24512,20434,21630,12235,9395,23316,12277,11039
"INDIA","84.000000",46363,23594,22769,23265,12174,11091,23098,11420,11678
"INDIA","85.000000",126777,55078,71699,83548,37906,45642,43229,17172,26057
"INDIA","86.000000",45394,21685,23709,24869,12240,12629,20525,9445,11080
"INDIA","87.000000",25093,13000,12093,12402,6573,5829,12691,6427,6264
"INDIA","88.000000",25649,12910,12739,13214,6677,6537,12435,6233,6202
"INDIA","89.000000",24481,11503,12978,13202,6209,6993,11279,5294,5985
"INDIA","90.000000",82245,32503,49742,56751,23154,33597,25494,9349,16145
"INDIA","91.000000",29047,13050,15997,16923,7677,9246,12124,5373,6751
"INDIA","92.000000",19868,9980,9888,10913,5436,5477,8955,4544,4411
"INDIA","93.000000",12511,6397,6114,6214,3171,3043,6297,3226,3071
"INDIA","94.000000",14215,7088,7127,7391,3684,3707,6824,3404,3420
"INDIA","95.000000",32692,14457,18235,20336,8975,11361,12356,5482,6874
"INDIA","96.000000",15519,7406,8113,8492,4008,4484,7027,3398,3629
"INDIA","97.000000",10529,5417,5112,5476,2837,2639,5053,2580,2473
"INDIA","98.000000",14023,6767,7256,7925,3781,4144,6098,2986,3112
"INDIA","99.000000",7550,3309,4241,4729,2022,2707,2821,1287,1534
"INDIA","100+",57950,26609,31341,34225,15198,19027,23725,11411,12314
"INDIA","Age not stated",407696,219312,188384,205929,108723,97206,201767,110589,91178
"INDIA","All ages",84580777,42442146,42138631,56361702,28243241,28118461,28219075,14198905,14020170
"INDIA","0.000000",1214847,626538,588309,815259,419927,395332,399588,206611,192977
"INDIA","1.000000",1260326,650403,609923,828365,427167,401198,431961,223236,208725
"INDIA","2.000000",1181570,606189,575381,790173,404921,385252,391397,201268,190129
"INDIA","3.000000",1319621,676134,643487,893059,456542,436517,426562,219592,206970
"INDIA","4.000000",1308401,676623,631778,885302,457049,428253,423099,219574,203525
"INDIA","5.000000",1441133,744802,696331,978111,505368,472743,463022,239434,223588
"INDIA","6.000000",1416904,734261,682643,961753,498314,463439,455151,235947,219204
"INDIA","7.000000",1483948,764908,719040,1008383,519134,489249,475565,245774,229791
"INDIA","8.000000",1496883,766274,730609,1031850,527460,504390,465033,238814,226219
"INDIA","9.000000",1465564,750153,715411,996772,508816,487956,468792,241337,227455
"INDIA","10.000000",1767388,913080,854308,1198576,618712,579864,568812,294368,274444
"INDIA","11.000000",1559410,795307,764103,1042395,531833,510562,517015,263474,253541
"INDIA","12.000000",1676007,859629,816378,1149916,591236,558680,526091,268393,257698
"INDIA","13.000000",1585749,809422,776327,1079830,552120,527710,505919,257302,248617
"INDIA","14.000000",1613041,831446,781595,1094685,565959,528726,518356,265487,252869
"INDIA","15.000000",1652368,861559,790809,1104994,578647,526347,547374,282912,264462
"INDIA","16.000000",1576131,824000,752131,1031865,544177,487688,544266,279823,264443
"INDIA","17.000000",1466112,780993,685119,942837,510581,432256,523275,270412,252863
"INDIA","18.000000",1877103,960859,916244,1270200,659517,610683,606903,301342,305561
"INDIA","19.000000",1522033,768896,753137,984173,507071,477102,537860,261825,276035
"INDIA","20.000000",2179306,1045844,1133462,1488931,724575,764356,690375,321269,369106
"INDIA","21.000000",1397179,714024,683155,872508,459819,412689,524671,254205,270466
"INDIA","22.000000",1636241,823250,812991,1066231,550716,515515,570010,272534,297476
"INDIA","23.000000",1416185,728178,688007,892299,471114,421185,523886,257064,266822
"INDIA","24.000000",1503183,744401,758782,943308,476446,466862,559875,267955,291920
"INDIA","25.000000",2302932,1093110,1209822,1566955,752957,813998,735977,340153,395824
"INDIA","26.000000",1473069,731964,741105,928033,467285,460748,545036,264679,280357
"INDIA","27.000000",1232153,627589,604564,746879,385554,361325,485274,242035,243239
"INDIA","28.000000",1628758,780522,848236,1051558,501132,550426,577200,279390,297810
"INDIA","29.000000",1162124,576702,585422,702156,346214,355942,459968,230488,229480
"INDIA","30.000000",2483935,1225543,1258392,1707442,839539,867903,776493,386004,390489
"INDIA","31.000000",964372,498167,466205,567321,292069,275252,397051,206098,190953
"INDIA","32.000000",1222481,614364,608117,785084,390934,394150,437397,223430,213967
"INDIA","33.000000",860328,437627,422701,521806,263365,258441,338522,174262,164260
"INDIA","34.000000",1053255,524706,528549,651966,321008,330958,401289,203698,197591
"INDIA","35.000000",2384711,1173447,1211264,1645791,807832,837959,738920,365615,373305
"INDIA","36.000000",1141573,561081,580492,729099,353759,375340,412474,207322,205152
"INDIA","37.000000",810906,406946,403960,487053,241349,245704,323853,165597,158256
"INDIA","38.000000",1242504,590501,652003,807835,376223,431612,434669,214278,220391
"INDIA","39.000000",927645,466537,461108,576580,285281,291299,351065,181256,169809
"INDIA","40.000000",2410551,1231998,1178553,1694584,864578,830006,715967,367420,348547
"INDIA","41.000000",782781,417088,365693,468521,248216,220305,314260,168872,145388
"INDIA","42.000000",892816,470480,422336,571413,297856,273557,321403,172624,148779
"INDIA","43.000000",596313,307739,288574,359718,182451,177267,236595,125288,111307
"INDIA","44.000000",717012,367093,349919,446665,226720,219945,270347,140373,129974
"INDIA","45.000000",2029097,1023985,1005112,1424109,718292,705817,604988,305693,299295
"INDIA","46.000000",756598,390938,365660,475971,243434,232537,280627,147504,133123
"INDIA","47.000000",503130,263819,239311,294559,151388,143171,208571,112431,96140
"INDIA","48.000000",768274,383753,384521,495620,242713,252907,272654,141040,131614
"INDIA","49.000000",600170,312138,288032,377041,193767,183274,223129,118371,104758
"INDIA","50.000000",1838524,921379,917145,1313625,660651,652974,524899,260728,264171
"INDIA","51.000000",504181,268429,235752,310717,162987,147730,193464,105442,88022
"INDIA","52.000000",492974,258926,234048,313377,160997,152380,179597,97929,81668
"INDIA","53.000000",336719,177261,159458,197239,100092,97147,139480,77169,62311
"INDIA","54.000000",484988,236588,248400,306502,144491,162011,178486,92097,86389
"INDIA","55.000000",1312769,587711,725058,946172,415763,530409,366597,171948,194649
"INDIA","56.000000",482892,236182,246710,313693,147236,166457,169199,88946,80253
"INDIA","57.000000",275455,138481,136974,162107,75468,86639,113348,63013,50335
"INDIA","58.000000",436278,197842,238436,290203,121658,168545,146075,76184,69891
"INDIA","59.000000",402204,190323,211881,263004,118269,144735,139200,72054,67146
"INDIA","60.000000",1684428,748932,935496,1278096,566351,711745,406332,182581,223751
"INDIA","61.000000",449654,213895,235759,312305,143980,168325,137349,69915,67434
"INDIA","62.000000",436166,211660,224506,318980,150269,168711,117186,61391,55795
"INDIA","63.000000",273909,137681,136228,181601,86954,94647,92308,50727,41581
"INDIA","64.000000",355680,173596,182084,251571,119310,132261,104109,54286,49823
"INDIA","65.000000",1191661,545760,645901,930480,430812,499668,261181,114948,146233
"INDIA","66.000000",319520,157643,161877,229857,113188,116669,89663,44455,45208
"INDIA","67.000000",168869,89868,79001,112869,58875,53994,56000,30993,25007
"INDIA","68.000000",257585,126989,130596,186545,90255,96290,71040,36734,34306
"INDIA","69.000000",230219,114100,116119,164950,81048,83902,65269,33052,32217
"INDIA","70.000000",972318,470512,501806,766389,378676,387713,205929,91836,114093
"INDIA","71.000000",201414,100800,100614,143573,71510,72063,57841,29290,28551
"INDIA","72.000000",144834,76128,68706,103580,53696,49884,41254,22432,18822
"INDIA","73.000000",83302,45012,38290,53982,28415,25567,29320,16597,12723
"INDIA","74.000000",117490,60291,57199,80494,40950,39544,36996,19341,17655
"INDIA","75.000000",368400,175004,193396,280000,136015,143985,88400,38989,49411
"INDIA","76.000000",102887,50905,51982,70965,35252,35713,31922,15653,16269
"INDIA","77.000000",42029,22501,19528,25234,13308,11926,16795,9193,7602
"INDIA","78.000000",61700,30282,31418,41599,20101,21498,20101,10181,9920
"INDIA","79.000000",61973,28782,33191,42243,19620,22623,19730,9162,10568
"INDIA","80.000000",302221,127912,174309,234814,102592,132222,67407,25320,42087
"INDIA","81.000000",60660,26703,33957,42233,18822,23411,18427,7881,10546
"INDIA","82.000000",34717,16610,18107,23088,10984,12104,11629,5626,6003
"INDIA","83.000000",20758,10260,10498,12168,5949,6219,8590,4311,4279
"INDIA","84.000000",28309,13122,15187,17473,8295,9178,10836,4827,6009
"INDIA","85.000000",85235,35293,49942,60931,26145,34786,24304,9148,15156
"INDIA","86.000000",25927,11725,14202,16149,7519,8630,9778,4206,5572
"INDIA","87.000000",11412,5462,5950,6192,3008,3184,5220,2454,2766
"INDIA","88.000000",12843,5916,6927,7425,3421,4004,5418,2495,2923
"INDIA","89.000000",14768,6272,8496,8882,3778,5104,5886,2494,3392
"INDIA","90.000000",56581,22075,34506,41571,16603,24968,15010,5472,9538
"INDIA","91.000000",15241,6615,8626,9746,4232,5514,5495,2383,3112
"INDIA","92.000000",8917,4040,4877,5655,2560,3095,3262,1480,1782
"INDIA","93.000000",5337,2549,2788,3194,1544,1650,2143,1005,1138
"INDIA","94.000000",6583,2977,3606,4024,1835,2189,2559,1142,1417
"INDIA","95.000000",16318,6728,9590,11386,4742,6644,4932,1986,2946
"INDIA","96.000000",6981,3149,3832,4366,2007,2359,2615,1142,1473
"INDIA","97.000000",4328,2041,2287,2512,1207,1305,1816,834,982
"INDIA","98.000000",6009,2665,3344,3761,1625,2136,2248,1040,1208
"INDIA","99.000000",3073,1266,1807,1864,754,1110,1209,512,697
"INDIA","100+",27985,12607,15378,15344,6671,8673,12641,5936,6705
"INDIA","Age not stated",771431,387686,383745,401438,201614,199824,369993,186072,183921
"INDIA","All ages",61095297,30966657,30128640,37469335,18929354,18539981,23625962,12037303,11588659
"INDIA","0.000000",933645,478346,455299,585530,300346,285184,348115,178000,170115
"INDIA","1.000000",1017674,522962,494712,610927,314001,296926,406747,208961,197786
"INDIA","2.000000",1010479,515273,495206,643739,328286,315453,366740,186987,179753
"INDIA","3.000000",1042923,531690,511233,670442,341347,329095,372481,190343,182138
"INDIA","4.000000",1041998,533753,508245,668857,341916,326941,373141,191837,181304
"INDIA","5.000000",1087322,562819,524503,691487,357900,333587,395835,204919,190916
"INDIA","6.000000",1026992,530448,496544,646663,333273,313390,380329,197175,183154
"INDIA","7.000000",1019047,523831,495216,631368,324548,306820,387679,199283,188396
"INDIA","8.000000",1055117,540621,514496,667973,341778,326195,387144,198843,188301
"INDIA","9.000000",1053031,538951,514080,672128,343118,329010,380903,195833,185070
"INDIA","10.000000",1224051,629780,594271,776384,398223,378161,447667,231557,216110
"INDIA","11.000000",1125702,575938,549764,710668,363973,346695,415034,211965,203069
"INDIA","12.000000",1159844,596025,563819,744498,382923,361575,415346,213102,202244
"INDIA","13.000000",1091404,562002,529402,696674,359889,336785,394730,202113,192617
"INDIA","14.000000",1135645,591542,544103,734251,384717,349534,401394,206825,194569
"INDIA","15.000000",1145252,602212,543040,741382,392971,348411,403870,209241,194629
"INDIA","16.000000",1129795,592938,536857,724778,384180,340598,405017,208758,196259
"INDIA","17.000000",1048278,551764,496514,646553,346121,300432,401725,205643,196082
"INDIA","18.000000",1381362,724617,656745,876891,467781,409110,504471,256836,247635
"INDIA","19.000000",1122590,570517,552073,668660,342756,325904,453930,227761,226169
"INDIA","20.000000",1524165,762130,762035,952709,479162,473547,571456,282968,288488
"INDIA","21.000000",1060423,550991,509432,601813,318012,283801,458610,232979,225631
"INDIA","22.000000",1273163,657812,615351,756521,397776,358745,516642,260036,256606
"INDIA","23.000000",1039971,547788,492183,581712,313094,268618,458259,234694,223565
"INDIA","24.000000",1154836,590865,563971,656670,341540,315130,498166,249325,248841
"INDIA","25.000000",1592968,763779,829189,976329,467976,508353,616639,295803,320836
"INDIA","26.000000",1140351,581485,558866,639731,331505,308226,500620,249980,250640
"INDIA","27.000000",935419,482004,453415,492548,257915,234633,442871,224089,218782
"INDIA","28.000000",1236233,613736,622497,717382,357270,360112,518851,256466,262385
"INDIA","29.000000",866635,438250,428385,457518,230821,226697,409117,207429,201688
"INDIA","30.000000",1719007,845770,873237,1070763,519825,550938,648244,325945,322299
"INDIA","31.000000",727252,380167,347085,370805,191859,178946,356447,188308,168139
"INDIA","32.000000",871926,451178,420748,486846,249529,237317,385080,201649,183431
"INDIA","33.000000",598490,313778,284712,305735,159167,146568,292755,154611,138144
"INDIA","34.000000",781705,398701,383004,423600,212017,211583,358105,186684,171421
"INDIA","35.000000",1638532,800477,838055,1039644,497685,541959,598888,302792,296096
"INDIA","36.000000",822894,409024,413870,463837,225316,238521,359057,183708,175349
"INDIA","37.000000",617110,310358,306752,326509,160776,165733,290601,149582,141019
"INDIA","38.000000",941872,457432,484440,564061,267807,296254,377811,189625,188186
"INDIA","39.000000",675043,341797,333246,376907,186055,190852,298136,155742,142394
"INDIA","40.000000",1637089,823742,813347,1089657,538633,551024,547432,285109,262323
"INDIA","41.000000",576127,306718,269409,316654,166454,150200,259473,140264,119209
"INDIA","42.000000",639629,340074,299555,371991,196771,175220,267638,143303,124335
"INDIA","43.000000",433115,228323,204792,233956,123177,110779,199159,105146,94013
"INDIA","44.000000",540752,278911,261841,308097,158299,149798,232655,120612,112043
"INDIA","45.000000",1422243,712351,709892,952017,474092,477925,470226,238259,231967
"INDIA","46.000000",576785,299209,277576,334322,172878,161444,242463,126331,116132
"INDIA","47.000000",410656,218353,192303,219856,116813,103043,190800,101540,89260
"INDIA","48.000000",629167,323743,305424,383199,196971,186228,245968,126772,119196
"INDIA","49.000000",480931,251177,229754,276282,143157,133125,204649,108020,96629
"INDIA","50.000000",1290554,632755,657799,885688,433200,452488,404866,199555,205311
"INDIA","51.000000",396861,211406,185455,222603,117483,105120,174258,93923,80335
"INDIA","52.000000",381511,207091,174420,216598,117242,99356,164913,89849,75064
"INDIA","53.000000",260886,143052,117834,133862,72977,60885,127024,70075,56949
"INDIA","54.000000",369458,187665,181793,206705,103258,103447,162753,84407,78346
"INDIA","55.000000",886623,411078,475545,600068,274133,325935,286555,136945,149610
"INDIA","56.000000",360426,185534,174892,207856,104841,103015,152570,80693,71877
"INDIA","57.000000",227838,122072,105766,117370,61583,55787,110468,60489,49979
"INDIA","58.000000",348093,176999,171094,208954,103278,105676,139139,73721,65418
"INDIA","59.000000",319524,160371,159153,189209,92874,96335,130315,67497,62818
"INDIA","60.000000",1072592,488309,584283,768215,349792,418423,304377,138517,165860
"INDIA","61.000000",295429,148940,146489,177086,86934,90152,118343,62006,56337
"INDIA","62.000000",260636,134717,125919,157653,79582,78071,102983,55135,47848
"INDIA","63.000000",184521,99590,84931,98635,52052,46583,85886,47538,38348
"INDIA","64.000000",246874,123074,123800,150666,73934,76732,96208,49140,47068
"INDIA","65.000000",759442,341547,417895,554756,251464,303292,204686,90083,114603
"INDIA","66.000000",234903,115807,119096,152351,74723,77628,82552,41084,41468
"INDIA","67.000000",141435,75286,66149,83233,43821,39412,58202,31465,26737
"INDIA","68.000000",204229,102595,101634,133510,65882,67628,70719,36713,34006
"INDIA","69.000000",180110,88452,91658,115632,55954,59678,64478,32498,31980
"INDIA","70.000000",643836,293723,350113,483986,223246,260740,159850,70477,89373
"INDIA","71.000000",150225,74383,75842,95868,46735,49133,54357,27648,26709
"INDIA","72.000000",106442,56974,49468,64954,34295,30659,41488,22679,18809
"INDIA","73.000000",66500,37000,29500,35645,19586,16059,30855,17414,13441
"INDIA","74.000000",94122,48339,45783,55856,28453,27403,38266,19886,18380
"INDIA","75.000000",279569,128357,151212,201954,93719,108235,77615,34638,42977
"INDIA","76.000000",86471,42828,43643,54078,26594,27484,32393,16234,16159
"INDIA","77.000000",41764,22567,19197,22136,11875,10261,19628,10692,8936
"INDIA","78.000000",57008,28737,28271,34381,17005,17376,22627,11732,10895
"INDIA","79.000000",59614,27345,32269,37511,17092,20419,22103,10253,11850
"INDIA","80.000000",232187,94923,137264,174280,72652,101628,57907,22271,35636
"INDIA","81.000000",53678,23980,29698,34148,14941,19207,19530,9039,10491
"INDIA","82.000000",30278,15163,15115,17242,8501,8741,13036,6662,6374
"INDIA","83.000000",19444,10111,9333,9546,4990,4556,9898,5121,4777
"INDIA","84.000000",26437,12589,13848,14664,7043,7621,11773,5546,6227
"INDIA","85.000000",71741,29626,42115,49194,20792,28402,22547,8834,13713
"INDIA","86.000000",23828,10892,12936,13755,6364,7391,10073,4528,5545
"INDIA","87.000000",11700,5752,5948,5666,2822,2844,6034,2930,3104
"INDIA","88.000000",12994,6195,6799,7230,3426,3804,5764,2769,2995
"INDIA","89.000000",13475,5688,7787,7907,3250,4657,5568,2438,3130
"INDIA","90.000000",46439,17828,28611,33207,12792,20415,13232,5036,8196
"INDIA","91.000000",11291,4722,6569,6897,2837,4060,4394,1885,2509
"INDIA","92.000000",6819,3339,3480,3936,1914,2022,2883,1425,1458
"INDIA","93.000000",4372,2271,2101,2338,1224,1114,2034,1047,987
"INDIA","94.000000",5613,2610,3003,3320,1539,1781,2293,1071,1222
"INDIA","95.000000",14320,5729,8591,10077,4029,6048,4243,1700,2543
"INDIA","96.000000",5694,2515,3179,3520,1564,1956,2174,951,1223
"INDIA","97.000000",3355,1579,1776,1890,881,1009,1465,698,767
"INDIA","98.000000",5242,2248,2994,3458,1435,2023,1784,813,971
"INDIA","99.000000",3646,1316,2330,2613,910,1703,1033,406,627
"INDIA","100+",22757,9426,13331,14075,5489,8586,8682,3937,4745
"INDIA","Age not stated",45851,25410,20441,25829,13953,11876,20022,11457,8565
"INDIA","All ages",1458545,739140,719405,551731,275436,276295,906814,463704,443110
"INDIA","0.000000",19039,9868,9171,7242,3788,3454,11797,6080,5717
"INDIA","1.000000",21181,10817,10364,7984,4095,3889,13197,6722,6475
"INDIA","2.000000",20366,10566,9800,7607,3933,3674,12759,6633,6126
"INDIA","3.000000",19928,10171,9757,7377,3752,3625,12551,6419,6132
"INDIA","4.000000",20689,10595,10094,7629,3864,3765,13060,6731,6329
"INDIA","5.000000",22128,11525,10603,8259,4335,3924,13869,7190,6679
"INDIA","6.000000",21280,10918,10362,7916,4005,3911,13364,6913,6451
"INDIA","7.000000",21365,11068,10297,7946,4093,3853,13419,6975,6444
"INDIA","8.000000",20261,10515,9746,7468,3821,3647,12793,6694,6099
"INDIA","9.000000",20934,10646,10288,7775,3911,3864,13159,6735,6424
"INDIA","10.000000",23764,12265,11499,8934,4509,4425,14830,7756,7074
"INDIA","11.000000",22821,11821,11000,8504,4289,4215,14317,7532,6785
"INDIA","12.000000",21334,11171,10163,7932,4146,3786,13402,7025,6377
"INDIA","13.000000",21458,11002,10456,8091,4167,3924,13367,6835,6532
"INDIA","14.000000",21612,11158,10454,8205,4193,4012,13407,6965,6442
"INDIA","15.000000",21859,11343,10516,8123,4133,3990,13736,7210,6526
"INDIA","16.000000",21041,11005,10036,7912,4129,3783,13129,6876,6253
"INDIA","17.000000",21037,10844,10193,8058,4145,3913,12979,6699,6280
"INDIA","18.000000",24876,13363,11513,9116,4815,4301,15760,8548,7212
"INDIA","19.000000",25062,13520,11542,9162,4778,4384,15900,8742,7158
"INDIA","20.000000",28157,15452,12705,10008,5201,4807,18149,10251,7898
"INDIA","21.000000",25465,13880,11585,9115,4711,4404,16350,9169,7181
"INDIA","22.000000",25972,14250,11722,9331,4876,4455,16641,9374,7267
"INDIA","23.000000",25055,13411,11644,9192,4894,4298,15863,8517,7346
"INDIA","24.000000",26096,13623,12473,9644,4908,4736,16452,8715,7737
"INDIA","25.000000",29533,15146,14387,10870,5506,5364,18663,9640,9023
"INDIA","26.000000",26694,13831,12863,10019,5136,4883,16675,8695,7980
"INDIA","27.000000",24998,12802,12196,9443,4732,4711,15555,8070,7485
"INDIA","28.000000",27283,13740,13543,10338,5164,5174,16945,8576,8369
"INDIA","29.000000",24118,12225,11893,9247,4712,4535,14871,7513,7358
"INDIA","30.000000",32119,16238,15881,12085,5975,6110,20034,10263,9771
"INDIA","31.000000",24559,12436,12123,9405,4727,4678,15154,7709,7445
"INDIA","32.000000",24510,12387,12123,9408,4753,4655,15102,7634,7468
"INDIA","33.000000",20773,10438,10335,8050,4027,4023,12723,6411,6312
"INDIA","34.000000",23898,11972,11926,9316,4728,4588,14582,7244,7338
"INDIA","35.000000",32151,16120,16031,12425,6141,6284,19726,9979,9747
"INDIA","36.000000",25256,12731,12525,9596,4802,4794,15660,7929,7731
"INDIA","37.000000",21737,10877,10860,8333,4158,4175,13404,6719,6685
"INDIA","38.000000",25027,12517,12510,9548,4825,4723,15479,7692,7787
"INDIA","39.000000",22127,11296,10831,8484,4342,4142,13643,6954,6689
"INDIA","40.000000",29621,15088,14533,11467,5695,5772,18154,9393,8761
"INDIA","41.000000",21248,10986,10262,7847,4072,3775,13401,6914,6487
"INDIA","42.000000",21822,11328,10494,8118,4212,3906,13704,7116,6588
"INDIA","43.000000",18129,9263,8866,6532,3382,3150,11597,5881,5716
"INDIA","44.000000",17692,8839,8853,6418,3201,3217,11274,5638,5636
"INDIA","45.000000",25745,12665,13080,9844,4774,5070,15901,7891,8010
"INDIA","46.000000",19410,9748,9662,7134,3535,3599,12276,6213,6063
"INDIA","47.000000",15892,8171,7721,5909,3047,2862,9983,5124,4859
"INDIA","48.000000",17151,8733,8418,6419,3190,3229,10732,5543,5189
"INDIA","49.000000",16538,8550,7988,6301,3248,3053,10237,5302,4935
"INDIA","50.000000",22112,10749,11363,8726,4062,4664,13386,6687,6699
"INDIA","51.000000",15482,7925,7557,5828,2914,2914,9654,5011,4643
"INDIA","52.000000",14124,7290,6834,5209,2645,2564,8915,4645,4270
"INDIA","53.000000",12085,6416,5669,4316,2290,2026,7769,4126,3643
"INDIA","54.000000",12789,6402,6387,4777,2336,2441,8012,4066,3946
"INDIA","55.000000",17396,7740,9656,6974,2925,4049,10422,4815,5607
"INDIA","56.000000",13648,6771,6877,5153,2541,2612,8495,4230,4265
"INDIA","57.000000",11057,5739,5318,4110,2116,1994,6947,3623,3324
"INDIA","58.000000",12323,6109,6214,4644,2329,2315,7679,3780,3899
"INDIA","59.000000",11129,5662,5467,4203,2133,2070,6926,3529,3397
"INDIA","60.000000",19387,8443,10944,8177,3392,4785,11210,5051,6159
"INDIA","61.000000",12177,5804,6373,4725,2244,2481,7452,3560,3892
"INDIA","62.000000",10893,5399,5494,4278,2104,2174,6615,3295,3320
"INDIA","63.000000",9558,4893,4665,3651,1869,1782,5907,3024,2883
"INDIA","64.000000",9089,4561,4528,3465,1671,1794,5624,2890,2734
"INDIA","65.000000",14516,6213,8303,6485,2740,3745,8031,3473,4558
"INDIA","66.000000",8480,4001,4479,3414,1593,1821,5066,2408,2658
"INDIA","67.000000",5983,2984,2999,2300,1093,1207,3683,1891,1792
"INDIA","68.000000",6350,3096,3254,2473,1179,1294,3877,1917,1960
"INDIA","69.000000",5690,2711,2979,2218,1022,1196,3472,1689,1783
"INDIA","70.000000",11265,4582,6683,5087,1977,3110,6178,2605,3573
"INDIA","71.000000",5981,2692,3289,2367,1015,1352,3614,1677,1937
"INDIA","72.000000",4438,2137,2301,1680,771,909,2758,1366,1392
"INDIA","73.000000",3628,1760,1868,1329,637,692,2299,1123,1176
"INDIA","74.000000",3743,1719,2024,1370,624,746,2373,1095,1278
"INDIA","75.000000",5978,2455,3523,2470,982,1488,3508,1473,2035
"INDIA","76.000000",3569,1601,1968,1401,627,774,2168,974,1194
"INDIA","77.000000",2588,1227,1361,914,412,502,1674,815,859
"INDIA","78.000000",2421,1109,1312,893,406,487,1528,703,825
"INDIA","79.000000",1980,836,1144,758,315,443,1222,521,701
"INDIA","80.000000",3847,1427,2420,1706,657,1049,2141,770,1371
"INDIA","81.000000",2003,771,1232,780,305,475,1223,466,757
"INDIA","82.000000",1321,576,745,473,202,271,848,374,474
"INDIA","83.000000",1059,418,641,397,157,240,662,261,401
"INDIA","84.000000",1016,407,609,374,139,235,642,268,374
"INDIA","85.000000",1470,512,958,599,204,395,871,308,563
"INDIA","86.000000",872,347,525,367,129,238,505,218,287
"INDIA","87.000000",590,225,365,227,78,149,363,147,216
"INDIA","88.000000",521,201,320,192,74,118,329,127,202
"INDIA","89.000000",440,167,273,171,58,113,269,109,160
"INDIA","90.000000",664,223,441,294,96,198,370,127,243
"INDIA","91.000000",377,152,225,151,55,96,226,97,129
"INDIA","92.000000",221,85,136,63,24,39,158,61,97
"INDIA","93.000000",152,59,93,41,16,25,111,43,68
"INDIA","94.000000",174,74,100,61,29,32,113,45,68
"INDIA","95.000000",240,92,148,111,47,64,129,45,84
"INDIA","96.000000",134,55,79,52,23,29,82,32,50
"INDIA","97.000000",93,35,58,38,16,22,55,19,36
"INDIA","98.000000",123,61,62,52,24,28,71,37,34
"INDIA","99.000000",70,22,48,28,9,19,42,13,29
"INDIA","100+",394,183,211,155,71,84,239,112,127
"INDIA","Age not stated",2094,1098,996,918,484,434,1176,614,562
"INDIA","All ages",64473,33123,31350,14141,7243,6898,50332,25880,24452
"INDIA","0.000000",1115,593,522,252,128,124,863,465,398
"INDIA","1.000000",998,530,468,244,132,112,754,398,356
"INDIA","2.000000",937,502,435,250,129,121,687,373,314
"INDIA","3.000000",963,494,469,237,107,130,726,387,339
"INDIA","4.000000",1039,529,510,252,134,118,787,395,392
"INDIA","5.000000",1135,574,561,290,154,136,845,420,425
"INDIA","6.000000",1068,575,493,290,166,124,778,409,369
"INDIA","7.000000",1111,566,545,272,136,136,839,430,409
"INDIA","8.000000",905,450,455,237,114,123,668,336,332
"INDIA","9.000000",1188,595,593,295,158,137,893,437,456
"INDIA","10.000000",1319,641,678,312,154,158,1007,487,520
"INDIA","11.000000",1249,606,643,319,151,168,930,455,475
"INDIA","12.000000",1161,537,624,256,119,137,905,418,487
"INDIA","13.000000",1150,519,631,262,98,164,888,421,467
"INDIA","14.000000",1119,551,568,240,90,150,879,461,418
"INDIA","15.000000",1159,586,573,235,111,124,924,475,449
"INDIA","16.000000",1133,530,603,217,81,136,916,449,467
"INDIA","17.000000",1152,564,588,231,109,122,921,455,466
"INDIA","18.000000",1140,579,561,247,117,130,893,462,431
"INDIA","19.000000",1040,549,491,217,107,110,823,442,381
"INDIA","20.000000",1147,626,521,230,113,117,917,513,404
"INDIA","21.000000",1156,616,540,243,142,101,913,474,439
"INDIA","22.000000",1106,573,533,252,124,128,854,449,405
"INDIA","23.000000",1158,612,546,258,151,107,900,461,439
"INDIA","24.000000",1262,644,618,297,150,147,965,494,471
"INDIA","25.000000",1247,654,593,256,121,135,991,533,458
"INDIA","26.000000",1207,650,557,282,153,129,925,497,428
"INDIA","27.000000",1233,668,565,253,149,104,980,519,461
"INDIA","28.000000",1153,581,572,268,131,137,885,450,435
"INDIA","29.000000",1127,582,545,246,128,118,881,454,427
"INDIA","30.000000",1191,617,574,255,145,110,936,472,464
"INDIA","31.000000",1213,611,602,295,145,150,918,466,452
"INDIA","32.000000",1075,547,528,234,120,114,841,427,414
"INDIA","33.000000",926,475,451,195,102,93,731,373,358
"INDIA","34.000000",1032,527,505,256,130,126,776,397,379
"INDIA","35.000000",1169,611,558,235,126,109,934,485,449
"INDIA","36.000000",1205,601,604,249,127,122,956,474,482
"INDIA","37.000000",1051,532,519,218,118,100,833,414,419
"INDIA","38.000000",1006,504,502,216,109,107,790,395,395
"INDIA","39.000000",958,508,450,198,110,88,760,398,362
"INDIA","40.000000",1075,577,498,197,103,94,878,474,404
"INDIA","41.000000",965,496,469,185,99,86,780,397,383
"INDIA","42.000000",938,514,424,234,123,111,704,391,313
"INDIA","43.000000",835,453,382,148,74,74,687,379,308
"INDIA","44.000000",795,413,382,152,79,73,643,334,309
"INDIA","45.000000",855,455,400,182,106,76,673,349,324
"INDIA","46.000000",868,442,426,173,91,82,695,351,344
"INDIA","47.000000",696,369,327,136,78,58,560,291,269
"INDIA","48.000000",778,380,398,148,68,80,630,312,318
"INDIA","49.000000",613,329,284,123,62,61,490,267,223
"INDIA","50.000000",661,332,329,118,66,52,543,266,277
"INDIA","51.000000",590,331,259,142,76,66,448,255,193
"INDIA","52.000000",630,337,293,162,87,75,468,250,218
"INDIA","53.000000",599,313,286,135,69,66,464,244,220
"INDIA","54.000000",586,312,274,112,70,42,474,242,232
"INDIA","55.000000",703,326,377,136,56,80,567,270,297
"INDIA","56.000000",632,318,314,126,60,66,506,258,248
"INDIA","57.000000",534,304,230,104,57,47,430,247,183
"INDIA","58.000000",576,316,260,112,69,43,464,247,217
"INDIA","59.000000",456,249,207,99,56,43,357,193,164
"INDIA","60.000000",577,257,320,116,55,61,461,202,259
"INDIA","61.000000",376,189,187,77,33,44,299,156,143
"INDIA","62.000000",400,216,184,94,52,42,306,164,142
"INDIA","63.000000",367,215,152,73,47,26,294,168,126
"INDIA","64.000000",314,169,145,65,40,25,249,129,120
"INDIA","65.000000",441,215,226,92,47,45,349,168,181
"INDIA","66.000000",315,175,140,72,35,37,243,140,103
"INDIA","67.000000",230,130,100,47,32,15,183,98,85
"INDIA","68.000000",242,130,112,57,33,24,185,97,88
"INDIA","69.000000",185,103,82,51,28,23,134,75,59
"INDIA","70.000000",355,156,199,68,29,39,287,127,160
"INDIA","71.000000",175,82,93,39,16,23,136,66,70
"INDIA","72.000000",148,92,56,31,19,12,117,73,44
"INDIA","73.000000",98,48,50,16,5,11,82,43,39
"INDIA","74.000000",73,32,41,16,6,10,57,26,31
"INDIA","75.000000",207,101,106,31,17,14,176,84,92
"INDIA","76.000000",116,52,64,24,15,9,92,37,55
"INDIA","77.000000",65,41,24,12,7,5,53,34,19
"INDIA","78.000000",55,27,28,17,9,8,38,18,20
"INDIA","79.000000",50,23,27,11,5,6,39,18,21
"INDIA","80.000000",129,52,77,22,12,10,107,40,67
"INDIA","81.000000",54,22,32,8,5,3,46,17,29
"INDIA","82.000000",23,14,9,5,4,1,18,10,8
"INDIA","83.000000",21,13,8,6,5,1,15,8,7
"INDIA","84.000000",19,10,9,6,4,2,13,6,7
"INDIA","85.000000",56,21,35,8,3,5,48,18,30
"INDIA","86.000000",26,12,14,4,2,2,22,10,12
"INDIA","87.000000",8,7,1,3,3,0,5,4,1
"INDIA","88.000000",17,9,8,3,3,0,14,6,8
"INDIA","89.000000",7,5,2,0,0,0,7,5,2
"INDIA","90.000000",26,7,19,7,3,4,19,4,15
"INDIA","91.000000",9,3,6,0,0,0,9,3,6
"INDIA","92.000000",4,3,1,1,1,0,3,2,1
"INDIA","93.000000",8,4,4,0,0,0,8,4,4
"INDIA","94.000000",8,6,2,2,2,0,6,4,2
"INDIA","95.000000",16,8,8,4,3,1,12,5,7
"INDIA","96.000000",12,2,10,4,2,2,8,0,8
"INDIA","97.000000",9,7,2,0,0,0,9,7,2
"INDIA","98.000000",6,4,2,2,1,1,4,3,1
"INDIA","99.000000",9,6,3,2,1,1,7,5,2
"INDIA","100+",14,6,8,3,1,2,11,5,6
"INDIA","Age not stated",115,74,41,27,20,7,88,54,34
"INDIA","All ages",33406061,16027412,17378649,17471135,8408054,9063081,15934926,7619358,8315568
"INDIA","0.000000",482341,243852,238489,252391,127392,124999,229950,116460,113490
"INDIA","1.000000",500354,255004,245350,261659,133300,128359,238695,121704,116991
"INDIA","2.000000",482851,245356,237495,252321,128331,123990,230530,117025,113505
"INDIA","3.000000",486817,247884,238933,256287,130421,125866,230530,117463,113067
"INDIA","4.000000",500729,255438,245291,263682,134365,129317,237047,121073,115974
"INDIA","5.000000",512686,261438,251248,269955,137393,132562,242731,124045,118686
"INDIA","6.000000",507177,259272,247905,267369,136686,130683,239808,122586,117222
"INDIA","7.000000",510507,260663,249844,269683,137381,132302,240824,123282,117542
"INDIA","8.000000",505052,257189,247863,266464,135648,130816,238588,121541,117047
"INDIA","9.000000",519690,264628,255062,274733,139969,134764,244957,124659,120298
"INDIA","10.000000",580680,296685,283995,308617,157549,151068,272063,139136,132927
"INDIA","11.000000",568020,289140,278880,300586,152852,147734,267434,136288,131146
"INDIA","12.000000",541784,276952,264832,289296,147699,141597,252488,129253,123235
"INDIA","13.000000",578706,293478,285228,307138,155230,151908,271568,138248,133320
"INDIA","14.000000",553580,282662,270918,293701,149567,144134,259879,133095,126784
"INDIA","15.000000",541700,276123,265577,285887,145596,140291,255813,130527,125286
"INDIA","16.000000",515159,261654,253505,271122,137616,133506,244037,124038,119999
"INDIA","17.000000",517325,263097,254228,269726,137316,132410,247599,125781,121818
"INDIA","18.000000",527597,269522,258075,274990,140996,133994,252607,128526,124081
"INDIA","19.000000",508771,257903,250868,264088,134680,129408,244683,123223,121460
"INDIA","20.000000",555345,279283,276062,288693,146322,142371,266652,132961,133691
"INDIA","21.000000",521601,259752,261849,269911,135275,134636,251690,124477,127213
"INDIA","22.000000",531068,259666,271402,276695,136102,140593,254373,123564,130809
"INDIA","23.000000",524597,250442,274155,272516,131353,141163,252081,119089,132992
"INDIA","24.000000",533198,249683,283515,278246,131231,147015,254952,118452,136500
"INDIA","25.000000",546715,252370,294345,287979,133845,154134,258736,118525,140211
"INDIA","26.000000",526650,244441,282209,276832,129841,146991,249818,114600,135218
"INDIA","27.000000",510651,237999,272652,268935,126721,142214,241716,111278,130438
"INDIA","28.000000",536685,245857,290828,282679,130749,151930,254006,115108,138898
"INDIA","29.000000",483391,223311,260080,252611,117883,134728,230780,105428,125352
"INDIA","30.000000",579855,266060,313795,307266,142074,165192,272589,123986,148603
"INDIA","31.000000",466740,216325,250415,241891,113355,128536,224849,102970,121879
"INDIA","32.000000",484742,223415,261327,252696,117751,134945,232046,105664,126382
"INDIA","33.000000",448856,206019,242837,231906,107579,124327,216950,98440,118510
"INDIA","34.000000",475308,216398,258910,244501,112215,132286,230807,104183,126624
"INDIA","35.000000",572123,258314,313809,302273,137385,164888,269850,120929,148921
"INDIA","36.000000",508215,229025,279190,264057,119753,144304,244158,109272,134886
"INDIA","37.000000",472243,211305,260938,245072,109817,135255,227171,101488,125683
"INDIA","38.000000",553249,247712,305537,288702,129938,158764,264547,117774,146773
"INDIA","39.000000",473843,215463,258380,244525,111448,133077,229318,104015,125303
"INDIA","40.000000",601775,271233,330542,318431,143423,175008,283344,127810,155534
"INDIA","41.000000",450343,210270,240073,229460,107619,121841,220883,102651,118232
"INDIA","42.000000",502835,236854,265981,259569,122793,136776,243266,114061,129205
"INDIA","43.000000",437207,202850,234357,223021,103624,119397,214186,99226,114960
"INDIA","44.000000",420338,196217,224121,215657,100758,114899,204681,95459,109222
"INDIA","45.000000",572618,264829,307789,302650,139939,162711,269968,124890,145078
"INDIA","46.000000",450054,212387,237667,233023,109945,123078,217031,102442,114589
"INDIA","47.000000",418998,197322,221676,218125,103082,115043,200873,94240,106633
"INDIA","48.000000",495898,232157,263741,261313,122589,138724,234585,109568,125017
"INDIA","49.000000",410962,198903,212059,212771,102882,109889,198191,96021,102170
"INDIA","50.000000",530352,243497,286855,283692,130279,153413,246660,113218,133442
"INDIA","51.000000",371941,185853,186088,189151,94983,94168,182790,90870,91920
"INDIA","52.000000",354720,171536,183184,184086,89798,94288,170634,81738,88896
"INDIA","53.000000",328022,162116,165906,167420,83080,84340,160602,79036,81566
"INDIA","54.000000",343110,168189,174921,176813,86777,90036,166297,81412,84885
"INDIA","55.000000",472631,225560,247071,251612,120787,130825,221019,104773,116246
"INDIA","56.000000",340433,167937,172496,176281,87093,89188,164152,80844,83308
"INDIA","57.000000",283682,141103,142579,146294,72768,73526,137388,68335,69053
"INDIA","58.000000",373157,188680,184477,190686,95962,94724,182471,92718,89753
"INDIA","59.000000",272505,138247,134258,138510,70250,68260,133995,67997,65998
"INDIA","60.000000",443926,204341,239585,237480,109942,127538,206446,94399,112047
"INDIA","61.000000",254290,125563,128727,128486,63810,64676,125804,61753,64051
"INDIA","62.000000",265229,130812,134417,133997,66139,67858,131232,64673,66559
"INDIA","63.000000",242212,121563,120649,120430,60235,60195,121782,61328,60454
"INDIA","64.000000",209014,102857,106157,104554,51251,53303,104460,51606,52854
"INDIA","65.000000",349259,153856,195403,186109,82277,103832,163150,71579,91571
"INDIA","66.000000",189755,88205,101550,98091,45509,52582,91664,42696,48968
"INDIA","67.000000",162297,77837,84460,85100,40964,44136,77197,36873,40324
"INDIA","68.000000",173615,79798,93817,90608,41514,49094,83007,38284,44723
"INDIA","69.000000",127208,59536,67672,65357,30273,35084,61851,29263,32588
"INDIA","70.000000",258614,106577,152037,138556,57631,80925,120058,48946,71112
"INDIA","71.000000",128666,59469,69197,65919,30488,35431,62747,28981,33766
"INDIA","72.000000",130458,60970,69488,67339,31644,35695,63119,29326,33793
"INDIA","73.000000",108500,50425,58075,55479,25823,29656,53021,24602,28419
"INDIA","74.000000",107134,49121,58013,54693,25087,29606,52441,24034,28407
"INDIA","75.000000",189140,75206,113934,101876,41173,60703,87264,34033,53231
"INDIA","76.000000",106496,45155,61341,55837,23867,31970,50659,21288,29371
"INDIA","77.000000",68217,30412,37805,35796,15948,19848,32421,14464,17957
"INDIA","78.000000",81107,33940,47167,43308,18178,25130,37799,15762,22037
"INDIA","79.000000",56407,23604,32803,29850,12586,17264,26557,11018,15539
"INDIA","80.000000",123734,45497,78237,68277,25920,42357,55457,19577,35880
"INDIA","81.000000",54863,22498,32365,29180,12185,16995,25683,10313,15370
"INDIA","82.000000",47308,19565,27743,25461,10909,14552,21847,8656,13191
"INDIA","83.000000",37813,15563,22250,20086,8516,11570,17727,7047,10680
"INDIA","84.000000",38725,15421,23304,20758,8485,12273,17967,6936,11031
"INDIA","85.000000",69675,24344,45331,39177,14253,24924,30498,10091,20407
"INDIA","86.000000",37696,14058,23638,20762,8020,12742,16934,6038,10896
"INDIA","87.000000",23119,8836,14283,12858,5090,7768,10261,3746,6515
"INDIA","88.000000",19855,7411,12444,11059,4198,6861,8796,3213,5583
"INDIA","89.000000",13910,5254,8656,7725,2969,4756,6185,2285,3900
"INDIA","90.000000",26564,8516,18048,15278,5089,10189,11286,3427,7859
"INDIA","91.000000",9845,3345,6500,5481,1955,3526,4364,1390,2974
"INDIA","92.000000",6183,2269,3914,3459,1315,2144,2724,954,1770
"INDIA","93.000000",5764,2123,3641,3278,1257,2021,2486,866,1620
"INDIA","94.000000",4574,1714,2860,2702,1059,1643,1872,655,1217
"INDIA","95.000000",6586,2111,4475,3904,1290,2614,2682,821,1861
"INDIA","96.000000",4034,1419,2615,2398,864,1534,1636,555,1081
"INDIA","97.000000",2378,902,1476,1431,574,857,947,328,619
"INDIA","98.000000",2383,837,1546,1430,518,912,953,319,634
"INDIA","99.000000",1409,477,932,859,303,556,550,174,376
"INDIA","100+",5431,2188,3243,3124,1212,1912,2307,976,1331
"INDIA","Age not stated",34486,17297,17189,17337,8679,8658,17149,8618,8531
"INDIA","All ages",72147030,36137975,36009055,37229590,18679065,18550525,34917440,17458910,17458530
"INDIA","0.000000",1004971,518251,486720,519367,269359,250008,485604,248892,236712
"INDIA","1.000000",1078713,556872,521841,560340,290781,269559,518373,266091,252282
"INDIA","2.000000",1053548,539636,513912,560145,288135,272010,493403,251501,241902
"INDIA","3.000000",1084158,554773,529385,580961,298119,282842,503197,256654,246543
"INDIA","4.000000",1057311,545046,512265,561066,290225,270841,496245,254821,241424
"INDIA","5.000000",1079481,557696,521785,570011,295712,274299,509470,261984,247486
"INDIA","6.000000",1065650,548002,517648,559412,288219,271193,506238,259783,246455
"INDIA","7.000000",1139867,585055,554812,614119,315690,298429,525748,269365,256383
"INDIA","8.000000",1127033,575557,551476,611270,312939,298331,515763,262618,253145
"INDIA","9.000000",1139224,584983,554241,613724,316394,297330,525500,268589,256911
"INDIA","10.000000",1290991,666692,624299,693192,359065,334127,597799,307627,290172
"INDIA","11.000000",1217158,629072,588086,648632,336677,311955,568526,292395,276131
"INDIA","12.000000",1207576,623211,584365,656309,341181,315128,551267,282030,269237
"INDIA","13.000000",1236636,635251,601385,667459,344941,322518,569177,290310,278867
"INDIA","14.000000",1225186,634764,590422,659568,344302,315266,565618,290462,275156
"INDIA","15.000000",1279794,664183,615611,695349,364062,331287,584445,300121,284324
"INDIA","16.000000",1177774,610930,566844,634943,333404,301539,542831,277526,265305
"INDIA","17.000000",1196680,623711,572969,644866,341577,303289,551814,282134,269680
"INDIA","18.000000",1325332,683260,642072,718852,376212,342640,606480,307048,299432
"INDIA","19.000000",1274212,647754,626458,679088,349978,329110,595124,297776,297348
"INDIA","20.000000",1449406,719304,730102,789443,394974,394469,659963,324330,335633
"INDIA","21.000000",1244160,617853,626307,638181,322134,316047,605979,295719,310260
"INDIA","22.000000",1242885,608972,633913,647484,323048,324436,595401,285924,309477
"INDIA","23.000000",1230114,603747,626367,619296,310637,308659,610818,293110,317708
"INDIA","24.000000",1244978,604928,640050,620830,307977,312853,624148,296951,327197
"INDIA","25.000000",1549069,725651,823418,831588,391913,439675,717481,333738,383743
"INDIA","26.000000",1271750,616761,654989,628275,310409,317866,643475,306352,337123
"INDIA","27.000000",1333993,662270,671723,671802,339484,332318,662191,322786,339405
"INDIA","28.000000",1321466,636844,684622,654364,318648,335716,667102,318196,348906
"INDIA","29.000000",1187468,595848,591620,574469,292044,282425,612999,303804,309195
"INDIA","30.000000",1709209,820748,888461,914728,437701,477027,794481,383047,411434
"INDIA","31.000000",1053219,543290,509929,485451,254073,231378,567768,289217,278551
"INDIA","32.000000",1110370,561252,549118,534206,273234,260972,576164,288018,288146
"INDIA","33.000000",940295,479816,460479,430591,222932,207659,509704,256884,252820
"INDIA","34.000000",1002467,503643,498824,460242,231572,228670,542225,272071,270154
"INDIA","35.000000",1692559,793584,898975,921545,424461,497084,771014,369123,401891
"INDIA","36.000000",1075794,522689,553105,511273,245223,266050,564521,277466,287055
"INDIA","37.000000",1011152,498491,512661,486170,237849,248321,524982,260642,264340
"INDIA","38.000000",1111922,530792,581130,529880,248819,281061,582042,281973,300069
"INDIA","39.000000",945029,469649,475380,445767,219023,226744,499262,250626,248636
"INDIA","40.000000",1742751,834994,907757,973817,459934,513883,768934,375060,393874
"INDIA","41.000000",889932,461677,428255,408106,210593,197513,481826,251084,230742
"INDIA","42.000000",928210,482183,446027,437367,227041,210326,490843,255142,235701
"INDIA","43.000000",740585,381996,358589,327318,168981,158337,413267,213015,200252
"INDIA","44.000000",762731,388996,373735,349219,177506,171713,413512,211490,202022
"INDIA","45.000000",1628037,787942,840095,916909,437864,479045,711128,350078,361050
"INDIA","46.000000",836154,429555,406599,397869,203306,194563,438285,226249,212036
"INDIA","47.000000",748438,390093,358345,352781,184439,168342,395657,205654,190003
"INDIA","48.000000",815532,414078,401454,389258,196083,193175,426274,217995,208279
"INDIA","49.000000",684895,353247,331648,326557,166200,160357,358338,187047,171291
"INDIA","50.000000",1458094,687779,770315,837437,388781,448656,620657,298998,321659
"INDIA","51.000000",624279,330357,293922,293559,153440,140119,330720,176917,153803
"INDIA","52.000000",598151,320908,277243,277169,148275,128894,320982,172633,148349
"INDIA","53.000000",468967,252024,216943,201274,107975,93299,267693,144049,123644
"INDIA","54.000000",553969,284495,269474,253204,127762,125442,300765,156733,144032
"INDIA","55.000000",1177299,542372,634927,670147,302492,367655,507152,239880,267272
"INDIA","56.000000",563175,290232,272943,269899,136700,133199,293276,153532,139744
"INDIA","57.000000",425071,226492,198579,195312,103198,92114,229759,123294,106465
"INDIA","58.000000",479191,247193,231998,220544,110916,109628,258647,136277,122370
"INDIA","59.000000",456406,234635,221771,222608,112046,110562,233798,122589,111209
"INDIA","60.000000",1276389,580996,695393,768314,349315,418999,508075,231681,276394
"INDIA","61.000000",460519,236407,224112,230767,117316,113451,229752,119091,110661
"INDIA","62.000000",387009,208590,178419,184636,99573,85063,202373,109017,93356
"INDIA","63.000000",325537,180540,144997,140929,78833,62096,184608,101707,82901
"INDIA","64.000000",333154,171506,161648,159453,81326,78127,173701,90180,83521
"INDIA","65.000000",877549,390162,487387,530292,238968,291324,347257,151194,196063
"INDIA","66.000000",305354,150464,154890,157710,77987,79723,147644,72477,75167
"INDIA","67.000000",224796,122714,102082,108709,60537,48172,116087,62177,53910
"INDIA","68.000000",226501,115697,110804,107007,53326,53681,119494,62371,57123
"INDIA","69.000000",234170,117375,116795,119206,59880,59326,114964,57495,57469
"INDIA","70.000000",768218,351563,416655,469268,221495,247773,298950,130068,168882
"INDIA","71.000000",231135,117332,113803,118627,60410,58217,112508,56922,55586
"INDIA","72.000000",157869,86980,70889,73702,41195,32507,84167,45785,38382
"INDIA","73.000000",113154,64211,48943,47648,27556,20092,65506,36655,28851
"INDIA","74.000000",136153,73081,63072,61374,33503,27871,74779,39578,35201
"INDIA","75.000000",362178,171521,190657,207031,102099,104932,155147,69422,85725
"INDIA","76.000000",127988,65676,62312,61432,32431,29001,66556,33245,33311
"INDIA","77.000000",70135,39974,30161,29549,17506,12043,40586,22468,18118
"INDIA","78.000000",70898,37623,33275,29942,16188,13754,40956,21435,19521
"INDIA","79.000000",79042,38952,40090,37837,18892,18945,41205,20060,21145
"INDIA","80.000000",270874,116984,153890,158932,72486,86446,111942,44498,67444
"INDIA","81.000000",75734,35566,40168,37415,18264,19151,38319,17302,21017
"INDIA","82.000000",41997,22458,19539,18251,10193,8058,23746,12265,11481
"INDIA","83.000000",31197,17113,14084,12075,7158,4917,19122,9955,9167
"INDIA","84.000000",36937,18691,18246,15439,8379,7060,21498,10312,11186
"INDIA","85.000000",92072,40233,51839,49049,23067,25982,43023,17166,25857
"INDIA","86.000000",34429,16750,17679,15389,8099,7290,19040,8651,10389
"INDIA","87.000000",19768,10852,8916,8168,4914,3254,11600,5938,5662
"INDIA","88.000000",14668,7584,7084,5830,3254,2576,8838,4330,4508
"INDIA","89.000000",16021,7435,8586,7606,3682,3924,8415,3753,4662
"INDIA","90.000000",47437,18909,28528,27201,11597,15604,20236,7312,12924
"INDIA","91.000000",12838,5493,7345,6306,2861,3445,6532,2632,3900
"INDIA","92.000000",5728,2896,2832,2500,1346,1154,3228,1550,1678
"INDIA","93.000000",4259,2164,2095,1734,976,758,2525,1188,1337
"INDIA","94.000000",4423,2085,2338,1964,1012,952,2459,1073,1386
"INDIA","95.000000",9833,3984,5849,5476,2475,3001,4357,1509,2848
"INDIA","96.000000",4187,1909,2278,2037,999,1038,2150,910,1240
"INDIA","97.000000",2457,1170,1287,1169,600,569,1288,570,718
"INDIA","98.000000",2736,1207,1529,1448,689,759,1288,518,770
"INDIA","99.000000",1761,737,1024,970,419,551,791,318,473
"INDIA","100+",12654,5642,7012,6705,2980,3725,5949,2662,3287
"INDIA","Age not stated",66805,34670,32135,35881,18620,17261,30924,16050,14874
"INDIA","All ages",1247953,612511,635442,395200,194907,200293,852753,417604,435149
"INDIA","0.000000",17989,9089,8900,6129,3155,2974,11860,5934,5926
"INDIA","1.000000",20261,10316,9945,6707,3402,3305,13554,6914,6640
"INDIA","2.000000",18626,9577,9049,6221,3200,3021,12405,6377,6028
"INDIA","3.000000",18608,9454,9154,6256,3194,3062,12352,6260,6092
"INDIA","4.000000",18465,9267,9198,6213,3159,3054,12252,6108,6144
"INDIA","5.000000",19043,9612,9431,6308,3235,3073,12735,6377,6358
"INDIA","6.000000",19866,10212,9654,6680,3453,3227,13186,6759,6427
"INDIA","7.000000",20124,10237,9887,6703,3342,3361,13421,6895,6526
"INDIA","8.000000",19561,9990,9571,6536,3348,3188,13025,6642,6383
"INDIA","9.000000",20123,10276,9847,6741,3432,3309,13382,6844,6538
"INDIA","10.000000",22468,11433,11035,7480,3743,3737,14988,7690,7298
"INDIA","11.000000",21640,11050,10590,7251,3716,3535,14389,7334,7055
"INDIA","12.000000",20235,10292,9943,6780,3446,3334,13455,6846,6609
"INDIA","13.000000",20836,10681,10155,7042,3574,3468,13794,7107,6687
"INDIA","14.000000",20547,10480,10067,6798,3493,3305,13749,6987,6762
"INDIA","15.000000",20942,10812,10130,6931,3520,3411,14011,7292,6719
"INDIA","16.000000",19439,9985,9454,6392,3277,3115,13047,6708,6339
"INDIA","17.000000",19528,10113,9415,6379,3343,3036,13149,6770,6379
"INDIA","18.000000",21267,10731,10536,7177,3623,3554,14090,7108,6982
"INDIA","19.000000",21140,10590,10550,7140,3631,3509,14000,6959,7041
"INDIA","20.000000",23050,11220,11830,7872,3822,4050,15178,7398,7780
"INDIA","21.000000",21610,10320,11290,7211,3483,3728,14399,6837,7562
"INDIA","22.000000",21386,10024,11362,7091,3303,3788,14295,6721,7574
"INDIA","23.000000",21488,9933,11555,7074,3289,3785,14414,6644,7770
"INDIA","24.000000",21285,9790,11495,7024,3258,3766,14261,6532,7729
"INDIA","25.000000",24186,10860,13326,8136,3679,4457,16050,7181,8869
"INDIA","26.000000",23571,10843,12728,7966,3710,4256,15605,7133,8472
"INDIA","27.000000",23845,11233,12612,7822,3793,4029,16023,7440,8583
"INDIA","28.000000",24151,11377,12774,7784,3796,3988,16367,7581,8786
"INDIA","29.000000",22491,10739,11752,7132,3464,3668,15359,7275,8084
"INDIA","30.000000",27035,12657,14378,8578,4109,4469,18457,8548,9909
"INDIA","31.000000",22053,10753,11300,6822,3356,3466,15231,7397,7834
"INDIA","32.000000",21137,10108,11029,6383,3093,3290,14754,7015,7739
"INDIA","33.000000",20159,10008,10151,6105,3112,2993,14054,6896,7158
"INDIA","34.000000",20686,10235,10451,6226,3198,3028,14460,7037,7423
"INDIA","35.000000",26248,12524,13724,8677,4032,4645,17571,8492,9079
"INDIA","36.000000",21257,10383,10874,6532,3243,3289,14725,7140,7585
"INDIA","37.000000",19773,9793,9980,5962,2932,3030,13811,6861,6950
"INDIA","38.000000",21845,10646,11199,6443,3213,3230,15402,7433,7969
"INDIA","39.000000",18336,9309,9027,5332,2770,2562,13004,6539,6465
"INDIA","40.000000",24041,11587,12454,7941,3741,4200,16100,7846,8254
"INDIA","41.000000",17985,9320,8665,5198,2733,2465,12787,6587,6200
"INDIA","42.000000",17429,8834,8595,4906,2446,2460,12523,6388,6135
"INDIA","43.000000",15289,7851,7438,4101,2144,1957,11188,5707,5481
"INDIA","44.000000",15035,7890,7145,4071,2298,1773,10964,5592,5372
"INDIA","45.000000",22171,10566,11605,7436,3380,4056,14735,7186,7549
"INDIA","46.000000",15790,8120,7670,4654,2404,2250,11136,5716,5420
"INDIA","47.000000",14128,7468,6660,3997,2201,1796,10131,5267,4864
"INDIA","48.000000",15203,7956,7247,4298,2331,1967,10905,5625,5280
"INDIA","49.000000",12013,6515,5498,3443,1902,1541,8570,4613,3957
"INDIA","50.000000",18945,8784,10161,6394,2824,3570,12551,5960,6591
"INDIA","51.000000",11995,6372,5623,3370,1826,1544,8625,4546,4079
"INDIA","52.000000",10663,5596,5067,2805,1516,1289,7858,4080,3778
"INDIA","53.000000",9644,5074,4570,2383,1343,1040,7261,3731,3530
"INDIA","54.000000",9676,5032,4644,2510,1305,1205,7166,3727,3439
"INDIA","55.000000",15776,6926,8850,5531,2325,3206,10245,4601,5644
"INDIA","56.000000",10009,5002,5007,3018,1488,1530,6991,3514,3477
"INDIA","57.000000",7933,4166,3767,2019,1067,952,5914,3099,2815
"INDIA","58.000000",9198,4731,4467,2309,1218,1091,6889,3513,3376
"INDIA","59.000000",7193,3790,3403,1834,984,850,5359,2806,2553
"INDIA","60.000000",16356,6736,9620,5941,2347,3594,10415,4389,6026
"INDIA","61.000000",8286,4023,4263,2512,1190,1322,5774,2833,2941
"INDIA","62.000000",7082,3464,3618,1785,903,882,5297,2561,2736
"INDIA","63.000000",6463,3384,3079,1512,837,675,4951,2547,2404
"INDIA","64.000000",5641,2891,2750,1411,748,663,4230,2143,2087
"INDIA","65.000000",11384,4299,7085,4184,1592,2592,7200,2707,4493
"INDIA","66.000000",5150,2287,2863,1639,722,917,3511,1565,1946
"INDIA","67.000000",3883,1886,1997,971,465,506,2912,1421,1491
"INDIA","68.000000",4215,2051,2164,1069,540,529,3146,1511,1635
"INDIA","69.000000",3351,1631,1720,870,432,438,2481,1199,1282
"INDIA","70.000000",10381,3944,6437,3788,1497,2291,6593,2447,4146
"INDIA","71.000000",4184,1897,2287,1356,587,769,2828,1310,1518
"INDIA","72.000000",3118,1569,1549,719,390,329,2399,1179,1220
"INDIA","73.000000",2432,1279,1153,547,325,222,1885,954,931
"INDIA","74.000000",2406,1172,1234,583,305,278,1823,867,956
"INDIA","75.000000",5850,2303,3547,1888,804,1084,3962,1499,2463
"INDIA","76.000000",2610,1113,1497,759,310,449,1851,803,1048
"INDIA","77.000000",1539,750,789,341,187,154,1198,563,635
"INDIA","78.000000",1588,759,829,335,166,169,1253,593,660
"INDIA","79.000000",1202,569,633,281,138,143,921,431,490
"INDIA","80.000000",4094,1425,2669,1422,546,876,2672,879,1793
"INDIA","81.000000",1524,629,895,501,214,287,1023,415,608
"INDIA","82.000000",915,434,481,184,96,88,731,338,393
"INDIA","83.000000",750,367,383,143,81,62,607,286,321
"INDIA","84.000000",655,296,359,143,72,71,512,224,288
"INDIA","85.000000",1575,574,1001,468,198,270,1107,376,731
"INDIA","86.000000",739,316,423,203,108,95,536,208,328
"INDIA","87.000000",447,223,224,91,62,29,356,161,195
"INDIA","88.000000",352,168,184,77,45,32,275,123,152
"INDIA","89.000000",270,135,135,63,32,31,207,103,104
"INDIA","90.000000",709,265,444,250,99,151,459,166,293
"INDIA","91.000000",267,117,150,105,48,57,162,69,93
"INDIA","92.000000",172,89,83,48,27,21,124,62,62
"INDIA","93.000000",129,53,76,29,15,14,100,38,62
"INDIA","94.000000",108,53,55,34,17,17,74,36,38
"INDIA","95.000000",191,73,118,57,23,34,134,50,84
"INDIA","96.000000",96,47,49,26,10,16,70,37,33
"INDIA","97.000000",66,33,33,19,6,13,47,27,20
"INDIA","98.000000",59,30,29,13,8,5,46,22,24
"INDIA","99.000000",25,10,15,7,3,4,18,7,11
"INDIA","100+",172,75,97,74,37,37,98,38,60
"INDIA","Age not stated",1101,560,541,498,258,240,603,302,301
"INDIA","All ages",380581,202871,177710,237093,126287,110806,143488,76584,66904
"INDIA","0.000000",5378,2727,2651,3575,1818,1757,1803,909,894
"INDIA","1.000000",5997,3071,2926,3837,1945,1892,2160,1126,1034
"INDIA","2.000000",5834,2939,2895,3798,1900,1898,2036,1039,997
"INDIA","3.000000",5760,2938,2822,3743,1912,1831,2017,1026,991
"INDIA","4.000000",5785,2966,2819,3722,1894,1828,2063,1072,991
"INDIA","5.000000",5967,2989,2978,3788,1899,1889,2179,1090,1089
"INDIA","6.000000",6157,3140,3017,3952,2002,1950,2205,1138,1067
"INDIA","7.000000",6218,3208,3010,3919,2061,1858,2299,1147,1152
"INDIA","8.000000",5940,3072,2868,3723,1938,1785,2217,1134,1083
"INDIA","9.000000",6172,3103,3069,3883,1949,1934,2289,1154,1135
"INDIA","10.000000",7051,3608,3443,4436,2271,2165,2615,1337,1278
"INDIA","11.000000",6929,3506,3423,4374,2164,2210,2555,1342,1213
"INDIA","12.000000",6474,3261,3213,4096,2034,2062,2378,1227,1151
"INDIA","13.000000",6497,3367,3130,4171,2115,2056,2326,1252,1074
"INDIA","14.000000",6516,3376,3140,4149,2147,2002,2367,1229,1138
"INDIA","15.000000",6728,3480,3248,4169,2176,1993,2559,1304,1255
"INDIA","16.000000",6499,3397,3102,4010,2105,1905,2489,1292,1197
"INDIA","17.000000",6407,3400,3007,3929,2074,1855,2478,1326,1152
"INDIA","18.000000",6870,3587,3283,4282,2228,2054,2588,1359,1229
"INDIA","19.000000",6522,3402,3120,3979,2061,1918,2543,1341,1202
"INDIA","20.000000",7312,3827,3485,4422,2266,2156,2890,1561,1329
"INDIA","21.000000",6799,3545,3254,4121,2083,2038,2678,1462,1216
"INDIA","22.000000",7639,4061,3578,4609,2385,2224,3030,1676,1354
"INDIA","23.000000",7482,3977,3505,4573,2387,2186,2909,1590,1319
"INDIA","24.000000",7883,4118,3765,4815,2533,2282,3068,1585,1483
"INDIA","25.000000",8892,4678,4214,5427,2867,2560,3465,1811,1654
"INDIA","26.000000",8706,4650,4056,5334,2890,2444,3372,1760,1612
"INDIA","27.000000",8146,4399,3747,5063,2723,2340,3083,1676,1407
"INDIA","28.000000",8699,4595,4104,5279,2761,2518,3420,1834,1586
"INDIA","29.000000",7279,3908,3371,4455,2434,2021,2824,1474,1350
"INDIA","30.000000",9407,4943,4464,5796,3027,2769,3611,1916,1695
"INDIA","31.000000",6774,3746,3028,4099,2294,1805,2675,1452,1223
"INDIA","32.000000",7172,3933,3239,4366,2438,1928,2806,1495,1311
"INDIA","33.000000",5943,3216,2727,3596,1986,1610,2347,1230,1117
"INDIA","34.000000",6427,3521,2906,3954,2200,1754,2473,1321,1152
"INDIA","35.000000",8644,4463,4181,5330,2719,2611,3314,1744,1570
"INDIA","36.000000",6527,3448,3079,3888,2088,1800,2639,1360,1279
"INDIA","37.000000",5701,3044,2657,3357,1852,1505,2344,1192,1152
"INDIA","38.000000",6562,3363,3199,3947,2008,1939,2615,1355,1260
"INDIA","39.000000",5408,2852,2556,3280,1757,1523,2128,1095,1033
"INDIA","40.000000",7959,4260,3699,4847,2620,2227,3112,1640,1472
"INDIA","41.000000",5063,2866,2197,2941,1689,1252,2122,1177,945
"INDIA","42.000000",5401,3055,2346,3234,1822,1412,2167,1233,934
"INDIA","43.000000",4053,2219,1834,2412,1317,1095,1641,902,739
"INDIA","44.000000",4259,2413,1846,2525,1473,1052,1734,940,794
"INDIA","45.000000",7372,3945,3427,4547,2424,2123,2825,1521,1304
"INDIA","46.000000",4553,2546,2007,2675,1490,1185,1878,1056,822
"INDIA","47.000000",3717,2155,1562,2191,1274,917,1526,881,645
"INDIA","48.000000",4746,2649,2097,2901,1609,1292,1845,1040,805
"INDIA","49.000000",3473,1975,1498,2118,1194,924,1355,781,574
"INDIA","50.000000",5824,3053,2771,3663,1911,1752,2161,1142,1019
"INDIA","51.000000",3192,1845,1347,1884,1103,781,1308,742,566
"INDIA","52.000000",3146,1837,1309,1967,1164,803,1179,673,506
"INDIA","53.000000",2453,1393,1060,1471,831,640,982,562,420
"INDIA","54.000000",2681,1582,1099,1690,978,712,991,604,387
"INDIA","55.000000",4408,2264,2144,2810,1411,1399,1598,853,745
"INDIA","56.000000",2744,1602,1142,1676,972,704,1068,630,438
"INDIA","57.000000",1981,1191,790,1211,727,484,770,464,306
"INDIA","58.000000",2615,1544,1071,1665,981,684,950,563,387
"INDIA","59.000000",2046,1269,777,1300,798,502,746,471,275
"INDIA","60.000000",3954,2041,1913,2749,1395,1354,1205,646,559
"INDIA","61.000000",1864,1078,786,1224,683,541,640,395,245
"INDIA","62.000000",1876,1095,781,1300,745,555,576,350,226
"INDIA","63.000000",1428,867,561,955,581,374,473,286,187
"INDIA","64.000000",1254,726,528,874,495,379,380,231,149
"INDIA","65.000000",2618,1315,1303,1924,984,940,694,331,363
"INDIA","66.000000",1098,633,465,775,451,324,323,182,141
"INDIA","67.000000",795,475,320,567,336,231,228,139,89
"INDIA","68.000000",956,546,410,660,377,283,296,169,127
"INDIA","69.000000",759,461,298,543,329,214,216,132,84
"INDIA","70.000000",1939,1063,876,1395,766,629,544,297,247
"INDIA","71.000000",691,407,284,486,280,206,205,127,78
"INDIA","72.000000",613,373,240,426,257,169,187,116,71
"INDIA","73.000000",400,250,150,267,165,102,133,85,48
"INDIA","74.000000",455,285,170,331,219,112,124,66,58
"INDIA","75.000000",1001,542,459,730,405,325,271,137,134
"INDIA","76.000000",393,225,168,261,150,111,132,75,57
"INDIA","77.000000",280,171,109,201,127,74,79,44,35
"INDIA","78.000000",320,193,127,226,144,82,94,49,45
"INDIA","79.000000",257,164,93,188,126,62,69,38,31
"INDIA","80.000000",716,352,364,549,279,270,167,73,94
"INDIA","81.000000",261,142,119,198,109,89,63,33,30
"INDIA","82.000000",148,89,59,102,67,35,46,22,24
"INDIA","83.000000",95,57,38,61,40,21,34,17,17
"INDIA","84.000000",116,71,45,91,55,36,25,16,9
"INDIA","85.000000",271,139,132,209,112,97,62,27,35
"INDIA","86.000000",132,71,61,95,55,40,37,16,21
"INDIA","87.000000",53,24,29,34,16,18,19,8,11
"INDIA","88.000000",62,32,30,47,29,18,15,3,12
"INDIA","89.000000",69,39,30,54,32,22,15,7,8
"INDIA","90.000000",116,58,58,92,44,48,24,14,10
"INDIA","91.000000",61,29,32,46,25,21,15,4,11
"INDIA","92.000000",42,17,25,32,11,21,10,6,4
"INDIA","93.000000",34,21,13,24,17,7,10,4,6
"INDIA","94.000000",37,20,17,27,15,12,10,5,5
"INDIA","95.000000",50,23,27,38,17,21,12,6,6
"INDIA","96.000000",35,14,21,27,10,17,8,4,4
"INDIA","97.000000",28,16,12,22,14,8,6,2,4
"INDIA","98.000000",29,17,12,21,12,9,8,5,3
"INDIA","99.000000",16,6,10,13,5,8,3,1,2
"INDIA","100+",102,42,60,75,28,47,27,14,13
"INDIA","Age not stated",368,195,173,180,101,79,188,94,94
"JAMMU & KASHMIR","All ages",10143700,5360926,4782774,7627062,3977652,3649410,2516638,1383274,1133364
"JAMMU & KASHMIR","0.000000",112822,60202,52620,95996,50880,45116,16826,9322,7504
"JAMMU & KASHMIR","1.000000",159159,83444,75715,129522,67289,62233,29637,16155,13482
"JAMMU & KASHMIR","2.000000",217062,111431,105631,178529,90842,87687,38533,20589,17944
"JAMMU & KASHMIR","3.000000",229462,116532,112930,186421,93859,92562,43041,22673,20368
"JAMMU & KASHMIR","4.000000",245098,125575,119523,200228,101850,98378,44870,23725,21145
"JAMMU & KASHMIR","5.000000",237728,122741,114987,192900,98853,94047,44828,23888,20940
"JAMMU & KASHMIR","6.000000",284472,145469,139003,231369,117236,114133,53103,28233,24870
"JAMMU & KASHMIR","7.000000",217317,111487,105830,171613,87310,84303,45704,24177,21527
"JAMMU & KASHMIR","8.000000",321662,165379,156283,257828,131577,126251,63834,33802,30032
"JAMMU & KASHMIR","9.000000",231584,119404,112180,183644,93942,89702,47940,25462,22478
"JAMMU & KASHMIR","10.000000",368272,190872,177400,290808,149858,140950,77464,41014,36450
"JAMMU & KASHMIR","11.000000",178719,93395,85324,138926,72418,66508,39793,20977,18816
"JAMMU & KASHMIR","12.000000",333604,172296,161308,263074,135123,127951,70530,37173,33357
"JAMMU & KASHMIR","13.000000",210357,106871,103486,162134,82161,79973,48223,24710,23513
"JAMMU & KASHMIR","14.000000",269707,139403,130304,208181,107099,101082,61526,32304,29222
"JAMMU & KASHMIR","15.000000",265700,136751,128949,205895,105341,100554,59805,31410,28395
"JAMMU & KASHMIR","16.000000",281221,143852,137369,213763,108975,104788,67458,34877,32581
"JAMMU & KASHMIR","17.000000",160447,82204,78243,118200,60152,58048,42247,22052,20195
"JAMMU & KASHMIR","18.000000",316768,164487,152281,240245,123865,116380,76523,40622,35901
"JAMMU & KASHMIR","19.000000",122945,65038,57907,88283,46358,41925,34662,18680,15982
"JAMMU & KASHMIR","20.000000",318693,167241,151452,239649,124563,115086,79044,42678,36366
"JAMMU & KASHMIR","21.000000",103421,57105,46316,72107,39291,32816,31314,17814,13500
"JAMMU & KASHMIR","22.000000",199033,107823,91210,145422,78037,67385,53611,29786,23825
"JAMMU & KASHMIR","23.000000",125373,66659,58714,87345,45076,42269,38028,21583,16445
"JAMMU & KASHMIR","24.000000",143449,77641,65808,99961,52540,47421,43488,25101,18387
"JAMMU & KASHMIR","25.000000",282921,152891,130030,210147,112766,97381,72774,40125,32649
"JAMMU & KASHMIR","26.000000",136971,74719,62252,95145,50640,44505,41826,24079,17747
"JAMMU & KASHMIR","27.000000",104509,58239,46270,70522,38307,32215,33987,19932,14055
"JAMMU & KASHMIR","28.000000",196015,97241,98774,140450,67222,73228,55565,30019,25546
"JAMMU & KASHMIR","29.000000",68967,39578,29389,44558,24151,20407,24409,15427,8982
"JAMMU & KASHMIR","30.000000",339406,187504,151902,248151,136350,111801,91255,51154,40101
"JAMMU & KASHMIR","31.000000",47783,29301,18482,29556,16821,12735,18227,12480,5747
"JAMMU & KASHMIR","32.000000",145679,78390,67289,100100,51888,48212,45579,26502,19077
"JAMMU & KASHMIR","33.000000",87560,44067,43493,59491,27612,31879,28069,16455,11614
"JAMMU & KASHMIR","34.000000",76710,39515,37195,51383,24431,26952,25327,15084,10243
"JAMMU & KASHMIR","35.000000",310713,172803,137910,225175,124965,100210,85538,47838,37700
"JAMMU & KASHMIR","36.000000",107068,56024,51044,74519,37669,36850,32549,18355,14194
"JAMMU & KASHMIR","37.000000",68044,36614,31430,45078,23110,21968,22966,13504,9462
"JAMMU & KASHMIR","38.000000",157657,72329,85328,112085,49363,62722,45572,22966,22606
"JAMMU & KASHMIR","39.000000",46623,24808,21815,30635,15264,15371,15988,9544,6444
"JAMMU & KASHMIR","40.000000",325227,195619,129608,237412,142466,94946,87815,53153,34662
"JAMMU & KASHMIR","41.000000",28576,16361,12215,18637,10103,8534,9939,6258,3681
"JAMMU & KASHMIR","42.000000",91879,49448,42431,62687,32807,29880,29192,16641,12551
"JAMMU & KASHMIR","43.000000",51407,21705,29702,35204,13832,21372,16203,7873,8330
"JAMMU & KASHMIR","44.000000",41600,19626,21974,28338,12510,15828,13262,7116,6146
"JAMMU & KASHMIR","45.000000",244553,139866,104687,177609,100664,76945,66944,39202,27742
"JAMMU & KASHMIR","46.000000",52352,26032,26320,36280,17442,18838,16072,8590,7482
"JAMMU & KASHMIR","47.000000",39029,20122,18907,25997,12720,13277,13032,7402,5630
"JAMMU & KASHMIR","48.000000",97289,45806,51483,69528,31304,38224,27761,14502,13259
"JAMMU & KASHMIR","49.000000",25092,13210,11882,16470,8109,8361,8622,5101,3521
"JAMMU & KASHMIR","50.000000",226574,137900,88674,169085,102321,66764,57489,35579,21910
"JAMMU & KASHMIR","51.000000",17214,10383,6831,11306,6457,4849,5908,3926,1982
"JAMMU & KASHMIR","52.000000",46370,26206,20164,31542,17419,14123,14828,8787,6041
"JAMMU & KASHMIR","53.000000",27560,13366,14194,18901,8625,10276,8659,4741,3918
"JAMMU & KASHMIR","54.000000",22586,11442,11144,15257,7324,7933,7329,4118,3211
"JAMMU & KASHMIR","55.000000",147834,75203,72631,109907,55768,54139,37927,19435,18492
"JAMMU & KASHMIR","56.000000",30304,16063,14241,21006,10859,10147,9298,5204,4094
"JAMMU & KASHMIR","57.000000",18580,9793,8787,12401,6279,6122,6179,3514,2665
"JAMMU & KASHMIR","58.000000",46230,18751,27479,33091,12908,20183,13139,5843,7296
"JAMMU & KASHMIR","59.000000",11704,6036,5668,7567,3583,3984,4137,2453,1684
"JAMMU & KASHMIR","60.000000",188736,110027,78709,145983,86047,59936,42753,23980,18773
"JAMMU & KASHMIR","61.000000",8433,4680,3753,5865,3150,2715,2568,1530,1038
"JAMMU & KASHMIR","62.000000",23918,12699,11219,16636,8582,8054,7282,4117,3165
"JAMMU & KASHMIR","63.000000",13631,5737,7894,9602,3816,5786,4029,1921,2108
"JAMMU & KASHMIR","64.000000",9124,4255,4869,6361,2776,3585,2763,1479,1284
"JAMMU & KASHMIR","65.000000",110089,56132,53957,82682,42416,40266,27407,13716,13691
"JAMMU & KASHMIR","66.000000",13655,7005,6650,10065,5156,4909,3590,1849,1741
"JAMMU & KASHMIR","67.000000",8538,4362,4176,5941,2981,2960,2597,1381,1216
"JAMMU & KASHMIR","68.000000",19886,8048,11838,14339,5624,8715,5547,2424,3123
"JAMMU & KASHMIR","69.000000",5950,2707,3243,4119,1804,2315,1831,903,928
"JAMMU & KASHMIR","70.000000",108931,62838,46093,86219,50308,35911,22712,12530,10182
"JAMMU & KASHMIR","71.000000",4039,2249,1790,2858,1568,1290,1181,681,500
"JAMMU & KASHMIR","72.000000",10880,5754,5126,7898,4188,3710,2982,1566,1416
"JAMMU & KASHMIR","73.000000",5077,2404,2673,3670,1702,1968,1407,702,705
"JAMMU & KASHMIR","74.000000",3897,2039,1858,2693,1364,1329,1204,675,529
"JAMMU & KASHMIR","75.000000",41633,21901,19732,32202,17025,15177,9431,4876,4555
"JAMMU & KASHMIR","76.000000",5182,2716,2466,3756,1945,1811,1426,771,655
"JAMMU & KASHMIR","77.000000",2879,1500,1379,1986,1037,949,893,463,430
"JAMMU & KASHMIR","78.000000",6704,3090,3614,4949,2254,2695,1755,836,919
"JAMMU & KASHMIR","79.000000",2099,1039,1060,1471,716,755,628,323,305
"JAMMU & KASHMIR","80.000000",41093,22877,18216,33790,19017,14773,7303,3860,3443
"JAMMU & KASHMIR","81.000000",1248,697,551,917,489,428,331,208,123
"JAMMU & KASHMIR","82.000000",2744,1465,1279,2005,1051,954,739,414,325
"JAMMU & KASHMIR","83.000000",1259,631,628,919,449,470,340,182,158
"JAMMU & KASHMIR","84.000000",1123,628,495,807,444,363,316,184,132
"JAMMU & KASHMIR","85.000000",11256,5661,5595,8869,4526,4343,2387,1135,1252
"JAMMU & KASHMIR","86.000000",1304,697,607,959,516,443,345,181,164
"JAMMU & KASHMIR","87.000000",792,423,369,528,283,245,264,140,124
"JAMMU & KASHMIR","88.000000",1544,705,839,1159,515,644,385,190,195
"JAMMU & KASHMIR","89.000000",615,316,299,454,233,221,161,83,78
"JAMMU & KASHMIR","90.000000",10733,6109,4624,9050,5226,3824,1683,883,800
"JAMMU & KASHMIR","91.000000",357,201,156,260,148,112,97,53,44
"JAMMU & KASHMIR","92.000000",625,333,292,451,230,221,174,103,71
"JAMMU & KASHMIR","93.000000",358,186,172,247,115,132,111,71,40
"JAMMU & KASHMIR","94.000000",347,178,169,253,131,122,94,47,47
"JAMMU & KASHMIR","95.000000",2713,1459,1254,2170,1192,978,543,267,276
"JAMMU & KASHMIR","96.000000",481,248,233,352,185,167,129,63,66
"JAMMU & KASHMIR","97.000000",289,172,117,203,113,90,86,59,27
"JAMMU & KASHMIR","98.000000",770,405,365,592,309,283,178,96,82
"JAMMU & KASHMIR","99.000000",539,301,238,420,227,193,119,74,45
"JAMMU & KASHMIR","100+",1853,953,900,1562,818,744,291,135,156
"JAMMU & KASHMIR","Age not stated",45715,24836,20879,34537,18422,16115,11178,6414,4764
"JHARKHAND","All ages",26945829,13885037,13060792,20952088,10679596,10272492,5993741,3205441,2788300
"JHARKHAND","0.000000",467162,239406,227756,389876,199025,190851,77286,40381,36905
"JHARKHAND","1.000000",557358,285418,271940,458866,234008,224858,98492,51410,47082
"JHARKHAND","2.000000",725917,367452,358465,603674,304350,299324,122243,63102,59141
"JHARKHAND","3.000000",771327,382824,388503,637811,315470,322341,133516,67354,66162
"JHARKHAND","4.000000",747881,379997,367884,620210,313721,306489,127671,66276,61395
"JHARKHAND","5.000000",810431,421921,388510,665256,344898,320358,145175,77023,68152
"JHARKHAND","6.000000",876751,445018,431733,734633,371954,362679,142118,73064,69054
"JHARKHAND","7.000000",649795,328015,321780,519781,261359,258422,130014,66656,63358
"JHARKHAND","8.000000",1021081,529139,491942,842208,435490,406718,178873,93649,85224
"JHARKHAND","9.000000",546038,277252,268786,436629,220883,215746,109409,56369,53040
"JHARKHAND","10.000000",1075029,567605,507424,872540,459792,412748,202489,107813,94676
"JHARKHAND","11.000000",411004,213140,197864,304994,157381,147613,106010,55759,50251
"JHARKHAND","12.000000",967069,512452,454617,774314,410335,363979,192755,102117,90638
"JHARKHAND","13.000000",482134,244579,237555,357325,181541,175784,124809,63038,61771
"JHARKHAND","14.000000",599717,314452,285265,446139,234177,211962,153578,80275,73303
"JHARKHAND","15.000000",618547,343680,274867,471183,264361,206822,147364,79319,68045
"JHARKHAND","16.000000",558256,297948,260308,406175,217159,189016,152081,80789,71292
"JHARKHAND","17.000000",316761,169429,147332,212369,112497,99872,104392,56932,47460
"JHARKHAND","18.000000",727641,397881,329760,537274,290152,247122,190367,107729,82638
"JHARKHAND","19.000000",278445,142375,136070,188201,92742,95459,90244,49633,40611
"JHARKHAND","20.000000",722297,357732,364565,545907,263734,282173,176390,93998,82392
"JHARKHAND","21.000000",266133,140180,125953,185172,93518,91654,80961,46662,34299
"JHARKHAND","22.000000",552990,292195,260795,410613,212764,197849,142377,79431,62946
"JHARKHAND","23.000000",273551,129853,143698,197218,88035,109183,76333,41818,34515
"JHARKHAND","24.000000",334736,166991,167745,242040,115708,126332,92696,51283,41413
"JHARKHAND","25.000000",789498,406962,382536,615211,318607,296604,174287,88355,85932
"JHARKHAND","26.000000",351744,177403,174341,260006,127407,132599,91738,49996,41742
"JHARKHAND","27.000000",232361,115458,116903,170674,82058,88616,61687,33400,28287
"JHARKHAND","28.000000",527282,249655,277627,405145,185461,219684,122137,64194,57943
"JHARKHAND","29.000000",130763,62478,68285,94690,43246,51444,36073,19232,16841
"JHARKHAND","30.000000",937095,478429,458666,730846,373292,357554,206249,105137,101112
"JHARKHAND","31.000000",135118,65189,69929,102533,46983,55550,32585,18206,14379
"JHARKHAND","32.000000",438266,218738,219528,336623,163894,172729,101643,54844,46799
"JHARKHAND","33.000000",187989,80795,107194,146804,59687,87117,41185,21108,20077
"JHARKHAND","34.000000",183910,87330,96580,140386,64448,75938,43524,22882,20642
"JHARKHAND","35.000000",880747,485416,395331,677461,377592,299869,203286,107824,95462
"JHARKHAND","36.000000",274852,138333,136519,211380,105525,105855,63472,32808,30664
"JHARKHAND","37.000000",146676,70328,76348,110205,51436,58769,36471,18892,17579
"JHARKHAND","38.000000",366167,168897,197270,281838,126392,155446,84329,42505,41824
"JHARKHAND","39.000000",101635,49175,52460,75271,35569,39702,26364,13606,12758
"JHARKHAND","40.000000",823495,455274,368221,627776,349334,278442,195719,105940,89779
"JHARKHAND","41.000000",102134,52793,49341,76927,38588,38339,25207,14205,11002
"JHARKHAND","42.000000",273883,141682,132201,206029,104045,101984,67854,37637,30217
"JHARKHAND","43.000000",114383,48216,66167,85678,33841,51837,28705,14375,14330
"JHARKHAND","44.000000",103024,48887,54137,75631,34566,41065,27393,14321,13072
"JHARKHAND","45.000000",693912,386669,307243,520678,290936,229742,173234,95733,77501
"JHARKHAND","46.000000",146081,74177,71904,107997,53120,54877,38084,21057,17027
"JHARKHAND","47.000000",93139,45995,47144,66571,31261,35310,26568,14734,11834
"JHARKHAND","48.000000",237137,114386,122751,177499,81667,95832,59638,32719,26919
"JHARKHAND","49.000000",62677,31942,30735,44186,21216,22970,18491,10726,7765
"JHARKHAND","50.000000",572075,322882,249193,436282,245176,191106,135793,77706,58087
"JHARKHAND","51.000000",73941,41628,32313,54304,28751,25553,19637,12877,6760
"JHARKHAND","52.000000",152303,83358,68945,112696,58412,54284,39607,24946,14661
"JHARKHAND","53.000000",66540,30928,35612,48316,19897,28419,18224,11031,7193
"JHARKHAND","54.000000",64438,32726,31712,45668,21267,24401,18770,11459,7311
"JHARKHAND","55.000000",415891,213696,202195,325208,164213,160995,90683,49483,41200
"JHARKHAND","56.000000",90967,47955,43012,68913,34077,34836,22054,13878,8176
"JHARKHAND","57.000000",48777,25096,23681,35265,16174,19091,13512,8922,4590
"JHARKHAND","58.000000",119982,56006,63976,92080,38866,53214,27902,17140,10762
"JHARKHAND","59.000000",36926,21099,15827,25475,12739,12736,11451,8360,3091
"JHARKHAND","60.000000",430297,215788,214509,354595,177758,176837,75702,38030,37672
"JHARKHAND","61.000000",43424,22363,21061,34595,16829,17766,8829,5534,3295
"JHARKHAND","62.000000",88736,44232,44504,71515,34257,37258,17221,9975,7246
"JHARKHAND","63.000000",36412,15803,20609,28913,11309,17604,7499,4494,3005
"JHARKHAND","64.000000",27277,13698,13579,20792,9864,10928,6485,3834,2651
"JHARKHAND","65.000000",282044,136871,145173,230061,111783,118278,51983,25088,26895
"JHARKHAND","66.000000",36031,17845,18186,28187,13306,14881,7844,4539,3305
"JHARKHAND","67.000000",21808,10621,11187,16369,7479,8890,5439,3142,2297
"JHARKHAND","68.000000",45779,19234,26545,36679,14454,22225,9100,4780,4320
"JHARKHAND","69.000000",13694,6470,7224,10483,4628,5855,3211,1842,1369
"JHARKHAND","70.000000",213975,109805,104170,176850,91541,85309,37125,18264,18861
"JHARKHAND","71.000000",16332,8581,7751,13003,6567,6436,3329,2014,1315
"JHARKHAND","72.000000",33125,16674,16451,25817,12609,13208,7308,4065,3243
"JHARKHAND","73.000000",11167,5296,5871,8316,3637,4679,2851,1659,1192
"JHARKHAND","74.000000",9016,4739,4277,6540,3288,3252,2476,1451,1025
"JHARKHAND","75.000000",86048,43406,42642,69783,35448,34335,16265,7958,8307
"JHARKHAND","76.000000",12063,6285,5778,9094,4587,4507,2969,1698,1271
"JHARKHAND","77.000000",5899,3018,2881,4326,2111,2215,1573,907,666
"JHARKHAND","78.000000",13486,6169,7317,10227,4418,5809,3259,1751,1508
"JHARKHAND","79.000000",4089,2133,1956,2948,1446,1502,1141,687,454
"JHARKHAND","80.000000",60984,32009,28975,49427,26467,22960,11557,5542,6015
"JHARKHAND","81.000000",4932,2706,2226,3881,2068,1813,1051,638,413
"JHARKHAND","82.000000",7250,3939,3311,5418,2907,2511,1832,1032,800
"JHARKHAND","83.000000",2640,1310,1330,1930,890,1040,710,420,290
"JHARKHAND","84.000000",2358,1305,1053,1618,868,750,740,437,303
"JHARKHAND","85.000000",19665,10468,9197,15129,8218,6911,4536,2250,2286
"JHARKHAND","86.000000",2737,1516,1221,1937,1052,885,800,464,336
"JHARKHAND","87.000000",1682,888,794,1174,600,574,508,288,220
"JHARKHAND","88.000000",2900,1429,1471,2217,1073,1144,683,356,327
"JHARKHAND","89.000000",1010,500,510,746,373,373,264,127,137
"JHARKHAND","90.000000",16262,8676,7586,12883,7075,5808,3379,1601,1778
"JHARKHAND","91.000000",1616,867,749,1224,641,583,392,226,166
"JHARKHAND","92.000000",2949,1591,1358,2240,1197,1043,709,394,315
"JHARKHAND","93.000000",1546,784,762,1137,569,568,409,215,194
"JHARKHAND","94.000000",1323,676,647,998,498,500,325,178,147
"JHARKHAND","95.000000",7767,4304,3463,6059,3411,2648,1708,893,815
"JHARKHAND","96.000000",1921,1033,888,1447,788,659,474,245,229
"JHARKHAND","97.000000",1116,562,554,847,419,428,269,143,126
"JHARKHAND","98.000000",3001,1575,1426,2338,1223,1115,663,352,311
"JHARKHAND","99.000000",1616,867,749,1208,647,561,408,220,188
"JHARKHAND","100+",2685,1198,1487,2039,920,1119,646,278,368
"JHARKHAND","Age not stated",33308,20888,12420,24438,15576,8862,8870,5312,3558
"KARNATAKA","All ages",61095297,30966657,30128640,37469335,18929354,18539981,23625962,12037303,11588659
"KARNATAKA","0.000000",933645,478346,455299,585530,300346,285184,348115,178000,170115
"KARNATAKA","1.000000",1017674,522962,494712,610927,314001,296926,406747,208961,197786
"KARNATAKA","2.000000",1010479,515273,495206,643739,328286,315453,366740,186987,179753
"KARNATAKA","3.000000",1042923,531690,511233,670442,341347,329095,372481,190343,182138
"KARNATAKA","4.000000",1041998,533753,508245,668857,341916,326941,373141,191837,181304
"KARNATAKA","5.000000",1087322,562819,524503,691487,357900,333587,395835,204919,190916
"KARNATAKA","6.000000",1026992,530448,496544,646663,333273,313390,380329,197175,183154
"KARNATAKA","7.000000",1019047,523831,495216,631368,324548,306820,387679,199283,188396
"KARNATAKA","8.000000",1055117,540621,514496,667973,341778,326195,387144,198843,188301
"KARNATAKA","9.000000",1053031,538951,514080,672128,343118,329010,380903,195833,185070
"KARNATAKA","10.000000",1224051,629780,594271,776384,398223,378161,447667,231557,216110
"KARNATAKA","11.000000",1125702,575938,549764,710668,363973,346695,415034,211965,203069
"KARNATAKA","12.000000",1159844,596025,563819,744498,382923,361575,415346,213102,202244
"KARNATAKA","13.000000",1091404,562002,529402,696674,359889,336785,394730,202113,192617
"KARNATAKA","14.000000",1135645,591542,544103,734251,384717,349534,401394,206825,194569
"KARNATAKA","15.000000",1145252,602212,543040,741382,392971,348411,403870,209241,194629
"KARNATAKA","16.000000",1129795,592938,536857,724778,384180,340598,405017,208758,196259
"KARNATAKA","17.000000",1048278,551764,496514,646553,346121,300432,401725,205643,196082
"KARNATAKA","18.000000",1381362,724617,656745,876891,467781,409110,504471,256836,247635
"KARNATAKA","19.000000",1122590,570517,552073,668660,342756,325904,453930,227761,226169
"KARNATAKA","20.000000",1524165,762130,762035,952709,479162,473547,571456,282968,288488
"KARNATAKA","21.000000",1060423,550991,509432,601813,318012,283801,458610,232979,225631
"KARNATAKA","22.000000",1273163,657812,615351,756521,397776,358745,516642,260036,256606
"KARNATAKA","23.000000",1039971,547788,492183,581712,313094,268618,458259,234694,223565
"KARNATAKA","24.000000",1154836,590865,563971,656670,341540,315130,498166,249325,248841
"KARNATAKA","25.000000",1592968,763779,829189,976329,467976,508353,616639,295803,320836
"KARNATAKA","26.000000",1140351,581485,558866,639731,331505,308226,500620,249980,250640
"KARNATAKA","27.000000",935419,482004,453415,492548,257915,234633,442871,224089,218782
"KARNATAKA","28.000000",1236233,613736,622497,717382,357270,360112,518851,256466,262385
"KARNATAKA","29.000000",866635,438250,428385,457518,230821,226697,409117,207429,201688
"KARNATAKA","30.000000",1719007,845770,873237,1070763,519825,550938,648244,325945,322299
"KARNATAKA","31.000000",727252,380167,347085,370805,191859,178946,356447,188308,168139
"KARNATAKA","32.000000",871926,451178,420748,486846,249529,237317,385080,201649,183431
"KARNATAKA","33.000000",598490,313778,284712,305735,159167,146568,292755,154611,138144
"KARNATAKA","34.000000",781705,398701,383004,423600,212017,211583,358105,186684,171421
"KARNATAKA","35.000000",1638532,800477,838055,1039644,497685,541959,598888,302792,296096
"KARNATAKA","36.000000",822894,409024,413870,463837,225316,238521,359057,183708,175349
"KARNATAKA","37.000000",617110,310358,306752,326509,160776,165733,290601,149582,141019
"KARNATAKA","38.000000",941872,457432,484440,564061,267807,296254,377811,189625,188186
"KARNATAKA","39.000000",675043,341797,333246,376907,186055,190852,298136,155742,142394
"KARNATAKA","40.000000",1637089,823742,813347,1089657,538633,551024,547432,285109,262323
"KARNATAKA","41.000000",576127,306718,269409,316654,166454,150200,259473,140264,119209
"KARNATAKA","42.000000",639629,340074,299555,371991,196771,175220,267638,143303,124335
"KARNATAKA","43.000000",433115,228323,204792,233956,123177,110779,199159,105146,94013
"KARNATAKA","44.000000",540752,278911,261841,308097,158299,149798,232655,120612,112043
"KARNATAKA","45.000000",1422243,712351,709892,952017,474092,477925,470226,238259,231967
"KARNATAKA","46.000000",576785,299209,277576,334322,172878,161444,242463,126331,116132
"KARNATAKA","47.000000",410656,218353,192303,219856,116813,103043,190800,101540,89260
"KARNATAKA","48.000000",629167,323743,305424,383199,196971,186228,245968,126772,119196
"KARNATAKA","49.000000",480931,251177,229754,276282,143157,133125,204649,108020,96629
"KARNATAKA","50.000000",1290554,632755,657799,885688,433200,452488,404866,199555,205311
"KARNATAKA","51.000000",396861,211406,185455,222603,117483,105120,174258,93923,80335
"KARNATAKA","52.000000",381511,207091,174420,216598,117242,99356,164913,89849,75064
"KARNATAKA","53.000000",260886,143052,117834,133862,72977,60885,127024,70075,56949
"KARNATAKA","54.000000",369458,187665,181793,206705,103258,103447,162753,84407,78346
"KARNATAKA","55.000000",886623,411078,475545,600068,274133,325935,286555,136945,149610
"KARNATAKA","56.000000",360426,185534,174892,207856,104841,103015,152570,80693,71877
"KARNATAKA","57.000000",227838,122072,105766,117370,61583,55787,110468,60489,49979
"KARNATAKA","58.000000",348093,176999,171094,208954,103278,105676,139139,73721,65418
"KARNATAKA","59.000000",319524,160371,159153,189209,92874,96335,130315,67497,62818
"KARNATAKA","60.000000",1072592,488309,584283,768215,349792,418423,304377,138517,165860
"KARNATAKA","61.000000",295429,148940,146489,177086,86934,90152,118343,62006,56337
"KARNATAKA","62.000000",260636,134717,125919,157653,79582,78071,102983,55135,47848
"KARNATAKA","63.000000",184521,99590,84931,98635,52052,46583,85886,47538,38348
"KARNATAKA","64.000000",246874,123074,123800,150666,73934,76732,96208,49140,47068
"KARNATAKA","65.000000",759442,341547,417895,554756,251464,303292,204686,90083,114603
"KARNATAKA","66.000000",234903,115807,119096,152351,74723,77628,82552,41084,41468
"KARNATAKA","67.000000",141435,75286,66149,83233,43821,39412,58202,31465,26737
"KARNATAKA","68.000000",204229,102595,101634,133510,65882,67628,70719,36713,34006
"KARNATAKA","69.000000",180110,88452,91658,115632,55954,59678,64478,32498,31980
"KARNATAKA","70.000000",643836,293723,350113,483986,223246,260740,159850,70477,89373
"KARNATAKA","71.000000",150225,74383,75842,95868,46735,49133,54357,27648,26709
"KARNATAKA","72.000000",106442,56974,49468,64954,34295,30659,41488,22679,18809
"KARNATAKA","73.000000",66500,37000,29500,35645,19586,16059,30855,17414,13441
"KARNATAKA","74.000000",94122,48339,45783,55856,28453,27403,38266,19886,18380
"KARNATAKA","75.000000",279569,128357,151212,201954,93719,108235,77615,34638,42977
"KARNATAKA","76.000000",86471,42828,43643,54078,26594,27484,32393,16234,16159
"KARNATAKA","77.000000",41764,22567,19197,22136,11875,10261,19628,10692,8936
"KARNATAKA","78.000000",57008,28737,28271,34381,17005,17376,22627,11732,10895
"KARNATAKA","79.000000",59614,27345,32269,37511,17092,20419,22103,10253,11850
"KARNATAKA","80.000000",232187,94923,137264,174280,72652,101628,57907,22271,35636
"KARNATAKA","81.000000",53678,23980,29698,34148,14941,19207,19530,9039,10491
"KARNATAKA","82.000000",30278,15163,15115,17242,8501,8741,13036,6662,6374
"KARNATAKA","83.000000",19444,10111,9333,9546,4990,4556,9898,5121,4777
"KARNATAKA","84.000000",26437,12589,13848,14664,7043,7621,11773,5546,6227
"KARNATAKA","85.000000",71741,29626,42115,49194,20792,28402,22547,8834,13713
"KARNATAKA","86.000000",23828,10892,12936,13755,6364,7391,10073,4528,5545
"KARNATAKA","87.000000",11700,5752,5948,5666,2822,2844,6034,2930,3104
"KARNATAKA","88.000000",12994,6195,6799,7230,3426,3804,5764,2769,2995
"KARNATAKA","89.000000",13475,5688,7787,7907,3250,4657,5568,2438,3130
"KARNATAKA","90.000000",46439,17828,28611,33207,12792,20415,13232,5036,8196
"KARNATAKA","91.000000",11291,4722,6569,6897,2837,4060,4394,1885,2509
"KARNATAKA","92.000000",6819,3339,3480,3936,1914,2022,2883,1425,1458
"KARNATAKA","93.000000",4372,2271,2101,2338,1224,1114,2034,1047,987
"KARNATAKA","94.000000",5613,2610,3003,3320,1539,1781,2293,1071,1222
"KARNATAKA","95.000000",14320,5729,8591,10077,4029,6048,4243,1700,2543
"KARNATAKA","96.000000",5694,2515,3179,3520,1564,1956,2174,951,1223
"KARNATAKA","97.000000",3355,1579,1776,1890,881,1009,1465,698,767
"KARNATAKA","98.000000",5242,2248,2994,3458,1435,2023,1784,813,971
"KARNATAKA","99.000000",3646,1316,2330,2613,910,1703,1033,406,627
"KARNATAKA","100+",22757,9426,13331,14075,5489,8586,8682,3937,4745
"KARNATAKA","Age not stated",45851,25410,20441,25829,13953,11876,20022,11457,8565
"KERALA","All ages",33406061,16027412,17378649,17471135,8408054,9063081,15934926,7619358,8315568
"KERALA","0.000000",482341,243852,238489,252391,127392,124999,229950,116460,113490
"KERALA","1.000000",500354,255004,245350,261659,133300,128359,238695,121704,116991
"KERALA","2.000000",482851,245356,237495,252321,128331,123990,230530,117025,113505
"KERALA","3.000000",486817,247884,238933,256287,130421,125866,230530,117463,113067
"KERALA","4.000000",500729,255438,245291,263682,134365,129317,237047,121073,115974
"KERALA","5.000000",512686,261438,251248,269955,137393,132562,242731,124045,118686
"KERALA","6.000000",507177,259272,247905,267369,136686,130683,239808,122586,117222
"KERALA","7.000000",510507,260663,249844,269683,137381,132302,240824,123282,117542
"KERALA","8.000000",505052,257189,247863,266464,135648,130816,238588,121541,117047
"KERALA","9.000000",519690,264628,255062,274733,139969,134764,244957,124659,120298
"KERALA","10.000000",580680,296685,283995,308617,157549,151068,272063,139136,132927
"KERALA","11.000000",568020,289140,278880,300586,152852,147734,267434,136288,131146
"KERALA","12.000000",541784,276952,264832,289296,147699,141597,252488,129253,123235
"KERALA","13.000000",578706,293478,285228,307138,155230,151908,271568,138248,133320
"KERALA","14.000000",553580,282662,270918,293701,149567,144134,259879,133095,126784
"KERALA","15.000000",541700,276123,265577,285887,145596,140291,255813,130527,125286
"KERALA","16.000000",515159,261654,253505,271122,137616,133506,244037,124038,119999
"KERALA","17.000000",517325,263097,254228,269726,137316,132410,247599,125781,121818
"KERALA","18.000000",527597,269522,258075,274990,140996,133994,252607,128526,124081
"KERALA","19.000000",508771,257903,250868,264088,134680,129408,244683,123223,121460
"KERALA","20.000000",555345,279283,276062,288693,146322,142371,266652,132961,133691
"KERALA","21.000000",521601,259752,261849,269911,135275,134636,251690,124477,127213
"KERALA","22.000000",531068,259666,271402,276695,136102,140593,254373,123564,130809
"KERALA","23.000000",524597,250442,274155,272516,131353,141163,252081,119089,132992
"KERALA","24.000000",533198,249683,283515,278246,131231,147015,254952,118452,136500
"KERALA","25.000000",546715,252370,294345,287979,133845,154134,258736,118525,140211
"KERALA","26.000000",526650,244441,282209,276832,129841,146991,249818,114600,135218
"KERALA","27.000000",510651,237999,272652,268935,126721,142214,241716,111278,130438
"KERALA","28.000000",536685,245857,290828,282679,130749,151930,254006,115108,138898
"KERALA","29.000000",483391,223311,260080,252611,117883,134728,230780,105428,125352
"KERALA","30.000000",579855,266060,313795,307266,142074,165192,272589,123986,148603
"KERALA","31.000000",466740,216325,250415,241891,113355,128536,224849,102970,121879
"KERALA","32.000000",484742,223415,261327,252696,117751,134945,232046,105664,126382
"KERALA","33.000000",448856,206019,242837,231906,107579,124327,216950,98440,118510
"KERALA","34.000000",475308,216398,258910,244501,112215,132286,230807,104183,126624
"KERALA","35.000000",572123,258314,313809,302273,137385,164888,269850,120929,148921
"KERALA","36.000000",508215,229025,279190,264057,119753,144304,244158,109272,134886
"KERALA","37.000000",472243,211305,260938,245072,109817,135255,227171,101488,125683
"KERALA","38.000000",553249,247712,305537,288702,129938,158764,264547,117774,146773
"KERALA","39.000000",473843,215463,258380,244525,111448,133077,229318,104015,125303
"KERALA","40.000000",601775,271233,330542,318431,143423,175008,283344,127810,155534
"KERALA","41.000000",450343,210270,240073,229460,107619,121841,220883,102651,118232
"KERALA","42.000000",502835,236854,265981,259569,122793,136776,243266,114061,129205
"KERALA","43.000000",437207,202850,234357,223021,103624,119397,214186,99226,114960
"KERALA","44.000000",420338,196217,224121,215657,100758,114899,204681,95459,109222
"KERALA","45.000000",572618,264829,307789,302650,139939,162711,269968,124890,145078
"KERALA","46.000000",450054,212387,237667,233023,109945,123078,217031,102442,114589
"KERALA","47.000000",418998,197322,221676,218125,103082,115043,200873,94240,106633
"KERALA","48.000000",495898,232157,263741,261313,122589,138724,234585,109568,125017
"KERALA","49.000000",410962,198903,212059,212771,102882,109889,198191,96021,102170
"KERALA","50.000000",530352,243497,286855,283692,130279,153413,246660,113218,133442
"KERALA","51.000000",371941,185853,186088,189151,94983,94168,182790,90870,91920
"KERALA","52.000000",354720,171536,183184,184086,89798,94288,170634,81738,88896
"KERALA","53.000000",328022,162116,165906,167420,83080,84340,160602,79036,81566
"KERALA","54.000000",343110,168189,174921,176813,86777,90036,166297,81412,84885
"KERALA","55.000000",472631,225560,247071,251612,120787,130825,221019,104773,116246
"KERALA","56.000000",340433,167937,172496,176281,87093,89188,164152,80844,83308
"KERALA","57.000000",283682,141103,142579,146294,72768,73526,137388,68335,69053
"KERALA","58.000000",373157,188680,184477,190686,95962,94724,182471,92718,89753
"KERALA","59.000000",272505,138247,134258,138510,70250,68260,133995,67997,65998
"KERALA","60.000000",443926,204341,239585,237480,109942,127538,206446,94399,112047
"KERALA","61.000000",254290,125563,128727,128486,63810,64676,125804,61753,64051
"KERALA","62.000000",265229,130812,134417,133997,66139,67858,131232,64673,66559
"KERALA","63.000000",242212,121563,120649,120430,60235,60195,121782,61328,60454
"KERALA","64.000000",209014,102857,106157,104554,51251,53303,104460,51606,52854
"KERALA","65.000000",349259,153856,195403,186109,82277,103832,163150,71579,91571
"KERALA","66.000000",189755,88205,101550,98091,45509,52582,91664,42696,48968
"KERALA","67.000000",162297,77837,84460,85100,40964,44136,77197,36873,40324
"KERALA","68.000000",173615,79798,93817,90608,41514,49094,83007,38284,44723
"KERALA","69.000000",127208,59536,67672,65357,30273,35084,61851,29263,32588
"KERALA","70.000000",258614,106577,152037,138556,57631,80925,120058,48946,71112
"KERALA","71.000000",128666,59469,69197,65919,30488,35431,62747,28981,33766
"KERALA","72.000000",130458,60970,69488,67339,31644,35695,63119,29326,33793
"KERALA","73.000000",108500,50425,58075,55479,25823,29656,53021,24602,28419
"KERALA","74.000000",107134,49121,58013,54693,25087,29606,52441,24034,28407
"KERALA","75.000000",189140,75206,113934,101876,41173,60703,87264,34033,53231
"KERALA","76.000000",106496,45155,61341,55837,23867,31970,50659,21288,29371
"KERALA","77.000000",68217,30412,37805,35796,15948,19848,32421,14464,17957
"KERALA","78.000000",81107,33940,47167,43308,18178,25130,37799,15762,22037
"KERALA","79.000000",56407,23604,32803,29850,12586,17264,26557,11018,15539
"KERALA","80.000000",123734,45497,78237,68277,25920,42357,55457,19577,35880
"KERALA","81.000000",54863,22498,32365,29180,12185,16995,25683,10313,15370
"KERALA","82.000000",47308,19565,27743,25461,10909,14552,21847,8656,13191
"KERALA","83.000000",37813,15563,22250,20086,8516,11570,17727,7047,10680
"KERALA","84.000000",38725,15421,23304,20758,8485,12273,17967,6936,11031
"KERALA","85.000000",69675,24344,45331,39177,14253,24924,30498,10091,20407
"KERALA","86.000000",37696,14058,23638,20762,8020,12742,16934,6038,10896
"KERALA","87.000000",23119,8836,14283,12858,5090,7768,10261,3746,6515
"KERALA","88.000000",19855,7411,12444,11059,4198,6861,8796,3213,5583
"KERALA","89.000000",13910,5254,8656,7725,2969,4756,6185,2285,3900
"KERALA","90.000000",26564,8516,18048,15278,5089,10189,11286,3427,7859
"KERALA","91.000000",9845,3345,6500,5481,1955,3526,4364,1390,2974
"KERALA","92.000000",6183,2269,3914,3459,1315,2144,2724,954,1770
"KERALA","93.000000",5764,2123,3641,3278,1257,2021,2486,866,1620
"KERALA","94.000000",4574,1714,2860,2702,1059,1643,1872,655,1217
"KERALA","95.000000",6586,2111,4475,3904,1290,2614,2682,821,1861
"KERALA","96.000000",4034,1419,2615,2398,864,1534,1636,555,1081
"KERALA","97.000000",2378,902,1476,1431,574,857,947,328,619
"KERALA","98.000000",2383,837,1546,1430,518,912,953,319,634
"KERALA","99.000000",1409,477,932,859,303,556,550,174,376
"KERALA","100+",5431,2188,3243,3124,1212,1912,2307,976,1331
"KERALA","Age not stated",34486,17297,17189,17337,8679,8658,17149,8618,8531
"LAKSHADWEEP","All ages",64473,33123,31350,14141,7243,6898,50332,25880,24452
"LAKSHADWEEP","0.000000",1115,593,522,252,128,124,863,465,398
"LAKSHADWEEP","1.000000",998,530,468,244,132,112,754,398,356
"LAKSHADWEEP","2.000000",937,502,435,250,129,121,687,373,314
"LAKSHADWEEP","3.000000",963,494,469,237,107,130,726,387,339
"LAKSHADWEEP","4.000000",1039,529,510,252,134,118,787,395,392
"LAKSHADWEEP","5.000000",1135,574,561,290,154,136,845,420,425
"LAKSHADWEEP","6.000000",1068,575,493,290,166,124,778,409,369
"LAKSHADWEEP","7.000000",1111,566,545,272,136,136,839,430,409
"LAKSHADWEEP","8.000000",905,450,455,237,114,123,668,336,332
"LAKSHADWEEP","9.000000",1188,595,593,295,158,137,893,437,456
"LAKSHADWEEP","10.000000",1319,641,678,312,154,158,1007,487,520
"LAKSHADWEEP","11.000000",1249,606,643,319,151,168,930,455,475
"LAKSHADWEEP","12.000000",1161,537,624,256,119,137,905,418,487
"LAKSHADWEEP","13.000000",1150,519,631,262,98,164,888,421,467
"LAKSHADWEEP","14.000000",1119,551,568,240,90,150,879,461,418
"LAKSHADWEEP","15.000000",1159,586,573,235,111,124,924,475,449
"LAKSHADWEEP","16.000000",1133,530,603,217,81,136,916,449,467
"LAKSHADWEEP","17.000000",1152,564,588,231,109,122,921,455,466
"LAKSHADWEEP","18.000000",1140,579,561,247,117,130,893,462,431
"LAKSHADWEEP","19.000000",1040,549,491,217,107,110,823,442,381
"LAKSHADWEEP","20.000000",1147,626,521,230,113,117,917,513,404
"LAKSHADWEEP","21.000000",1156,616,540,243,142,101,913,474,439
"LAKSHADWEEP","22.000000",1106,573,533,252,124,128,854,449,405
"LAKSHADWEEP","23.000000",1158,612,546,258,151,107,900,461,439
"LAKSHADWEEP","24.000000",1262,644,618,297,150,147,965,494,471
"LAKSHADWEEP","25.000000",1247,654,593,256,121,135,991,533,458
"LAKSHADWEEP","26.000000",1207,650,557,282,153,129,925,497,428
"LAKSHADWEEP","27.000000",1233,668,565,253,149,104,980,519,461
"LAKSHADWEEP","28.000000",1153,581,572,268,131,137,885,450,435
"LAKSHADWEEP","29.000000",1127,582,545,246,128,118,881,454,427
"LAKSHADWEEP","30.000000",1191,617,574,255,145,110,936,472,464
"LAKSHADWEEP","31.000000",1213,611,602,295,145,150,918,466,452
"LAKSHADWEEP","32.000000",1075,547,528,234,120,114,841,427,414
"LAKSHADWEEP","33.000000",926,475,451,195,102,93,731,373,358
"LAKSHADWEEP","34.000000",1032,527,505,256,130,126,776,397,379
"LAKSHADWEEP","35.000000",1169,611,558,235,126,109,934,485,449
"LAKSHADWEEP","36.000000",1205,601,604,249,127,122,956,474,482
"LAKSHADWEEP","37.000000",1051,532,519,218,118,100,833,414,419
"LAKSHADWEEP","38.000000",1006,504,502,216,109,107,790,395,395
"LAKSHADWEEP","39.000000",958,508,450,198,110,88,760,398,362
"LAKSHADWEEP","40.000000",1075,577,498,197,103,94,878,474,404
"LAKSHADWEEP","41.000000",965,496,469,185,99,86,780,397,383
"LAKSHADWEEP","42.000000",938,514,424,234,123,111,704,391,313
"LAKSHADWEEP","43.000000",835,453,382,148,74,74,687,379,308
"LAKSHADWEEP","44.000000",795,413,382,152,79,73,643,334,309
"LAKSHADWEEP","45.000000",855,455,400,182,106,76,673,349,324
"LAKSHADWEEP","46.000000",868,442,426,173,91,82,695,351,344
"LAKSHADWEEP","47.000000",696,369,327,136,78,58,560,291,269
"LAKSHADWEEP","48.000000",778,380,398,148,68,80,630,312,318
"LAKSHADWEEP","49.000000",613,329,284,123,62,61,490,267,223
"LAKSHADWEEP","50.000000",661,332,329,118,66,52,543,266,277
"LAKSHADWEEP","51.000000",590,331,259,142,76,66,448,255,193
"LAKSHADWEEP","52.000000",630,337,293,162,87,75,468,250,218
"LAKSHADWEEP","53.000000",599,313,286,135,69,66,464,244,220
"LAKSHADWEEP","54.000000",586,312,274,112,70,42,474,242,232
"LAKSHADWEEP","55.000000",703,326,377,136,56,80,567,270,297
"LAKSHADWEEP","56.000000",632,318,314,126,60,66,506,258,248
"LAKSHADWEEP","57.000000",534,304,230,104,57,47,430,247,183
"LAKSHADWEEP","58.000000",576,316,260,112,69,43,464,247,217
"LAKSHADWEEP","59.000000",456,249,207,99,56,43,357,193,164
"LAKSHADWEEP","60.000000",577,257,320,116,55,61,461,202,259
"LAKSHADWEEP","61.000000",376,189,187,77,33,44,299,156,143
"LAKSHADWEEP","62.000000",400,216,184,94,52,42,306,164,142
"LAKSHADWEEP","63.000000",367,215,152,73,47,26,294,168,126
"LAKSHADWEEP","64.000000",314,169,145,65,40,25,249,129,120
"LAKSHADWEEP","65.000000",441,215,226,92,47,45,349,168,181
"LAKSHADWEEP","66.000000",315,175,140,72,35,37,243,140,103
"LAKSHADWEEP","67.000000",230,130,100,47,32,15,183,98,85
"LAKSHADWEEP","68.000000",242,130,112,57,33,24,185,97,88
"LAKSHADWEEP","69.000000",185,103,82,51,28,23,134,75,59
"LAKSHADWEEP","70.000000",355,156,199,68,29,39,287,127,160
"LAKSHADWEEP","71.000000",175,82,93,39,16,23,136,66,70
"LAKSHADWEEP","72.000000",148,92,56,31,19,12,117,73,44
"LAKSHADWEEP","73.000000",98,48,50,16,5,11,82,43,39
"LAKSHADWEEP","74.000000",73,32,41,16,6,10,57,26,31
"LAKSHADWEEP","75.000000",207,101,106,31,17,14,176,84,92
"LAKSHADWEEP","76.000000",116,52,64,24,15,9,92,37,55
"LAKSHADWEEP","77.000000",65,41,24,12,7,5,53,34,19
"LAKSHADWEEP","78.000000",55,27,28,17,9,8,38,18,20
"LAKSHADWEEP","79.000000",50,23,27,11,5,6,39,18,21
"LAKSHADWEEP","80.000000",129,52,77,22,12,10,107,40,67
"LAKSHADWEEP","81.000000",54,22,32,8,5,3,46,17,29
"LAKSHADWEEP","82.000000",23,14,9,5,4,1,18,10,8
"LAKSHADWEEP","83.000000",21,13,8,6,5,1,15,8,7
"LAKSHADWEEP","84.000000",19,10,9,6,4,2,13,6,7
"LAKSHADWEEP","85.000000",56,21,35,8,3,5,48,18,30
"LAKSHADWEEP","86.000000",26,12,14,4,2,2,22,10,12
"LAKSHADWEEP","87.000000",8,7,1,3,3,0,5,4,1
"LAKSHADWEEP","88.000000",17,9,8,3,3,0,14,6,8
"LAKSHADWEEP","89.000000",7,5,2,0,0,0,7,5,2
"LAKSHADWEEP","90.000000",26,7,19,7,3,4,19,4,15
"LAKSHADWEEP","91.000000",9,3,6,0,0,0,9,3,6
"LAKSHADWEEP","92.000000",4,3,1,1,1,0,3,2,1
"LAKSHADWEEP","93.000000",8,4,4,0,0,0,8,4,4
"LAKSHADWEEP","94.000000",8,6,2,2,2,0,6,4,2
"LAKSHADWEEP","95.000000",16,8,8,4,3,1,12,5,7
"LAKSHADWEEP","96.000000",12,2,10,4,2,2,8,0,8
"LAKSHADWEEP","97.000000",9,7,2,0,0,0,9,7,2
"LAKSHADWEEP","98.000000",6,4,2,2,1,1,4,3,1
"LAKSHADWEEP","99.000000",9,6,3,2,1,1,7,5,2
"LAKSHADWEEP","100+",14,6,8,3,1,2,11,5,6
"LAKSHADWEEP","Age not stated",115,74,41,27,20,7,88,54,34
"MADHYA PRADESH","All ages",72626809,37612306,35014503,52557404,27149388,25408016,20069405,10462918,9606487
"MADHYA PRADESH","0.000000",1410287,733148,677139,1091300,566458,524842,318987,166690,152297
"MADHYA PRADESH","1.000000",1445277,756113,689164,1097511,572407,525104,347766,183706,164060
"MADHYA PRADESH","2.000000",1513349,783964,729385,1174259,606924,567335,339090,177040,162050
"MADHYA PRADESH","3.000000",1562682,802830,759852,1212825,620960,591865,349857,181870,167987
"MADHYA PRADESH","4.000000",1539691,798192,741499,1187665,615447,572218,352026,182745,169281
"MADHYA PRADESH","5.000000",1671006,889096,781910,1279975,679417,600558,391031,209679,181352
"MADHYA PRADESH","6.000000",1667103,872829,794274,1282196,668380,613816,384907,204449,180458
"MADHYA PRADESH","7.000000",1611608,833279,778329,1225059,630495,594564,386549,202784,183765
"MADHYA PRADESH","8.000000",1794192,930043,864149,1395824,718948,676876,398368,211095,187273
"MADHYA PRADESH","9.000000",1522546,784446,738100,1164521,595003,569518,358025,189443,168582
"MADHYA PRADESH","10.000000",1981094,1030242,950852,1523856,786305,737551,457238,243937,213301
"MADHYA PRADESH","11.000000",1619727,835981,783746,1223336,626084,597252,396391,209897,186494
"MADHYA PRADESH","12.000000",1819616,948499,871117,1390806,719800,671006,428810,228699,200111
"MADHYA PRADESH","13.000000",1551079,798035,753044,1158366,593136,565230,392713,204899,187814
"MADHYA PRADESH","14.000000",1592985,826572,766413,1184671,612776,571895,408314,213796,194518
"MADHYA PRADESH","15.000000",1613080,858450,754630,1190005,632822,557183,423075,225628,197447
"MADHYA PRADESH","16.000000",1551453,827357,724096,1136887,606419,530468,414566,220938,193628
"MADHYA PRADESH","17.000000",1293143,694205,598938,911781,490475,421306,381362,203730,177632
"MADHYA PRADESH","18.000000",1741842,943897,797945,1256756,680746,576010,485086,263151,221935
"MADHYA PRADESH","19.000000",1247271,656163,591108,864291,451885,412406,382980,204278,178702
"MADHYA PRADESH","20.000000",1771303,936168,835135,1268802,672993,595809,502501,263175,239326
"MADHYA PRADESH","21.000000",1191915,652578,539337,806752,447551,359201,385163,205027,180136
"MADHYA PRADESH","22.000000",1439163,785732,653431,1008035,558224,449811,431128,227508,203620
"MADHYA PRADESH","23.000000",1156612,583939,572673,796240,397329,398911,360372,186610,173762
"MADHYA PRADESH","24.000000",1168586,595671,572915,798930,405531,393399,369656,190140,179516
"MADHYA PRADESH","25.000000",1568221,854734,713487,1102256,618358,483898,465965,236376,229589
"MADHYA PRADESH","26.000000",1185802,625036,560766,806738,428753,377985,379064,196283,182781
"MADHYA PRADESH","27.000000",921586,476151,445435,614090,316704,297386,307496,159447,148049
"MADHYA PRADESH","28.000000",1338682,639659,699023,956871,447611,509260,381811,192048,189763
"MADHYA PRADESH","29.000000",773215,392745,380470,510903,256028,254875,262312,136717,125595
"MADHYA PRADESH","30.000000",1790488,959962,830526,1273826,697552,576274,516662,262410,254252
"MADHYA PRADESH","31.000000",754733,401108,353625,492256,262846,229410,262477,138262,124215
"MADHYA PRADESH","32.000000",1064536,535057,529479,750400,372988,377412,314136,162069,152067
"MADHYA PRADESH","33.000000",798561,362721,435840,566622,245265,321357,231939,117456,114483
"MADHYA PRADESH","34.000000",806642,391857,414785,555865,262856,293009,250777,129001,121776
"MADHYA PRADESH","35.000000",1594231,901015,693216,1115555,650001,465554,478676,251014,227662
"MADHYA PRADESH","36.000000",926094,486897,439197,643214,341351,301863,282880,145546,137334
"MADHYA PRADESH","37.000000",655372,322140,333232,449925,218061,231864,205447,104079,101368
"MADHYA PRADESH","38.000000",1065443,471480,593963,781761,335943,445818,283682,135537,148145
"MADHYA PRADESH","39.000000",620531,311932,308599,417152,205113,212039,203379,106819,96560
"MADHYA PRADESH","40.000000",1653892,913128,740764,1185652,668440,517212,468240,244688,223552
"MADHYA PRADESH","41.000000",626993,342744,284249,409341,225510,183831,217652,117234,100418
"MADHYA PRADESH","42.000000",809644,413170,396474,567496,286994,280502,242148,126176,115972
"MADHYA PRADESH","43.000000",582880,259953,322927,407096,170641,236455,175784,89312,86472
"MADHYA PRADESH","44.000000",541065,264893,276172,367673,175834,191839,173392,89059,84333
"MADHYA PRADESH","45.000000",1336613,750959,585654,939639,544103,395536,396974,206856,190118
"MADHYA PRADESH","46.000000",635559,335793,299766,424142,224519,199623,211417,111274,100143
"MADHYA PRADESH","47.000000",440610,218512,222098,289924,137966,151958,150686,80546,70140
"MADHYA PRADESH","48.000000",717006,328715,388291,515281,225124,290157,201725,103591,98134
"MADHYA PRADESH","49.000000",393173,204819,188354,256524,129007,127517,136649,75812,60837
"MADHYA PRADESH","50.000000",1208045,677297,530748,870883,501884,368999,337162,175413,161749
"MADHYA PRADESH","51.000000",406336,229953,176383,259599,147639,111960,146737,82314,64423
"MADHYA PRADESH","52.000000",437366,228498,208868,297828,151151,146677,139538,77347,62191
"MADHYA PRADESH","53.000000",317952,146656,171296,211544,87718,123826,106408,58938,47470
"MADHYA PRADESH","54.000000",324673,164118,160555,207670,99666,108004,117003,64452,52551
"MADHYA PRADESH","55.000000",840822,447921,392901,601882,327878,274004,238940,120043,118897
"MADHYA PRADESH","56.000000",370205,194836,175369,247616,128720,118896,122589,66116,56473
"MADHYA PRADESH","57.000000",230250,110872,119378,151968,67353,84615,78282,43519,34763
"MADHYA PRADESH","58.000000",379400,158994,220406,277176,106032,171144,102224,52962,49262
"MADHYA PRADESH","59.000000",237400,117620,119780,158471,74031,84440,78929,43589,35340
"MADHYA PRADESH","60.000000",955608,486214,469394,716374,374131,342243,239234,112083,127151
"MADHYA PRADESH","61.000000",302499,156884,145615,206079,106593,99486,96420,50291,46129
"MADHYA PRADESH","62.000000",315668,154244,161424,228969,108561,120408,86699,45683,41016
"MADHYA PRADESH","63.000000",217609,97418,120191,150803,60632,90171,66806,36786,30020
"MADHYA PRADESH","64.000000",196026,94703,101323,134945,61950,72995,61081,32753,28328
"MADHYA PRADESH","65.000000",715505,350038,365467,542550,271773,270777,172955,78265,94690
"MADHYA PRADESH","66.000000",241674,119503,122171,172100,84765,87335,69574,34738,34836
"MADHYA PRADESH","67.000000",129516,62555,66961,89933,40503,49430,39583,22052,17531
"MADHYA PRADESH","68.000000",206667,84165,122502,155660,58062,97598,51007,26103,24904
"MADHYA PRADESH","69.000000",133699,63744,69955,94142,42595,51547,39557,21149,18408
"MADHYA PRADESH","70.000000",663358,325824,337534,514799,259194,255605,148559,66630,81929
"MADHYA PRADESH","71.000000",172534,85959,86575,121904,60634,61270,50630,25325,25305
"MADHYA PRADESH","72.000000",124263,62682,61581,89656,43703,45953,34607,18979,15628
"MADHYA PRADESH","73.000000",73410,34123,39287,50626,21168,29458,22784,12955,9829
"MADHYA PRADESH","74.000000",73856,36658,37198,49789,23469,26320,24067,13189,10878
"MADHYA PRADESH","75.000000",290157,136526,153631,220907,105969,114938,69250,30557,38693
"MADHYA PRADESH","76.000000",90639,42978,47661,63899,30125,33774,26740,12853,13887
"MADHYA PRADESH","77.000000",40918,20154,20764,27584,12419,15165,13334,7735,5599
"MADHYA PRADESH","78.000000",58829,25016,33813,42547,16416,26131,16282,8600,7682
"MADHYA PRADESH","79.000000",42812,20133,22679,29914,13585,16329,12898,6548,6350
"MADHYA PRADESH","80.000000",239703,109960,129743,186491,88243,98248,53212,21717,31495
"MADHYA PRADESH","81.000000",59282,27465,31817,42265,19917,22348,17017,7548,9469
"MADHYA PRADESH","82.000000",31691,16124,15567,22385,11239,11146,9306,4885,4421
"MADHYA PRADESH","83.000000",18729,9088,9641,12416,5695,6721,6313,3393,2920
"MADHYA PRADESH","84.000000",19761,9792,9969,12948,6352,6596,6813,3440,3373
"MADHYA PRADESH","85.000000",74941,35015,39926,55492,26914,28578,19449,8101,11348
"MADHYA PRADESH","86.000000",23807,11330,12477,16129,7775,8354,7678,3555,4123
"MADHYA PRADESH","87.000000",10003,5080,4923,6433,3150,3283,3570,1930,1640
"MADHYA PRADESH","88.000000",12841,5760,7081,8971,3830,5141,3870,1930,1940
"MADHYA PRADESH","89.000000",10903,5029,5874,7387,3367,4020,3516,1662,1854
"MADHYA PRADESH","90.000000",56407,24487,31920,43249,19493,23756,13158,4994,8164
"MADHYA PRADESH","91.000000",15400,6706,8694,10945,4919,6026,4455,1787,2668
"MADHYA PRADESH","92.000000",8545,4146,4399,5981,2858,3123,2564,1288,1276
"MADHYA PRADESH","93.000000",5573,2610,2963,3709,1705,2004,1864,905,959
"MADHYA PRADESH","94.000000",6539,3148,3391,4366,2074,2292,2173,1074,1099
"MADHYA PRADESH","95.000000",18617,8513,10104,13683,6454,7229,4934,2059,2875
"MADHYA PRADESH","96.000000",7800,3704,4096,5334,2567,2767,2466,1137,1329
"MADHYA PRADESH","97.000000",4369,2173,2196,2897,1452,1445,1472,721,751
"MADHYA PRADESH","98.000000",6831,3184,3647,4925,2292,2633,1906,892,1014
"MADHYA PRADESH","99.000000",4155,1784,2371,3099,1343,1756,1056,441,615
"MADHYA PRADESH","100+",32172,14937,17235,22321,10472,11849,9851,4465,5386
"MADHYA PRADESH","Age not stated",82862,43376,39486,47310,24875,22435,35552,18501,17051
"MAHARASHTRA","All ages",112374333,58243056,54131277,61556074,31539034,30017040,50818259,26704022,24114237
"MAHARASHTRA","0.000000",1775560,946095,829465,1028294,551481,476813,747266,394614,352652
"MAHARASHTRA","1.000000",1926342,1021679,904663,1101100,587212,513888,825242,434467,390775
"MAHARASHTRA","2.000000",1888543,996272,892271,1098738,581369,517369,789805,414903,374902
"MAHARASHTRA","3.000000",1895221,990688,904533,1101102,576048,525054,794119,414640,379479
"MAHARASHTRA","4.000000",1876360,984895,891465,1088575,572261,516314,787785,412634,375151
"MAHARASHTRA","5.000000",2010382,1066065,944317,1155100,612339,542761,855282,453726,401556
"MAHARASHTRA","6.000000",1954109,1029697,924412,1116045,586689,529356,838064,443008,395056
"MAHARASHTRA","7.000000",1961711,1027436,934275,1104823,576762,528061,856888,450674,406214
"MAHARASHTRA","8.000000",1935680,1019451,916229,1123298,589439,533859,812382,430012,382370
"MAHARASHTRA","9.000000",1958772,1035528,923244,1151347,606638,544709,807425,428890,378535
"MAHARASHTRA","10.000000",2317339,1227446,1089893,1348170,711318,636852,969169,516128,453041
"MAHARASHTRA","11.000000",2163710,1141531,1022179,1263201,664482,598719,900509,477049,423460
"MAHARASHTRA","12.000000",2101229,1111511,989718,1223544,644103,579441,877685,467408,410277
"MAHARASHTRA","13.000000",2072737,1086667,986070,1209316,631466,577850,863421,455201,408220
"MAHARASHTRA","14.000000",2079520,1095106,984414,1211826,636787,575039,867694,458319,409375
"MAHARASHTRA","15.000000",2118780,1128043,990737,1231204,654820,576384,887576,473223,414353
"MAHARASHTRA","16.000000",2088367,1117920,970447,1215567,652477,563090,872800,465443,407357
"MAHARASHTRA","17.000000",1987095,1073589,913506,1115869,605491,510378,871226,468098,403128
"MAHARASHTRA","18.000000",2377052,1296423,1080629,1318542,717166,601376,1058510,579257,479253
"MAHARASHTRA","19.000000",2055973,1094425,961548,1098483,579270,519213,957490,515155,442335
"MAHARASHTRA","20.000000",2592525,1341142,1251383,1415130,717655,697475,1177395,623487,553908
"MAHARASHTRA","21.000000",2118952,1131553,987399,1107659,591614,516045,1011293,539939,471354
"MAHARASHTRA","22.000000",2330053,1245195,1084858,1219671,649710,569961,1110382,595485,514897
"MAHARASHTRA","23.000000",1996850,1054630,942220,1001534,528276,473258,995316,526354,468962
"MAHARASHTRA","24.000000",2052586,1072594,979992,1020850,530944,489906,1031736,541650,490086
"MAHARASHTRA","25.000000",2588930,1312088,1276842,1350102,674839,675263,1238828,637249,601579
"MAHARASHTRA","26.000000",2062553,1079451,983102,1013322,530296,483026,1049231,549155,500076
"MAHARASHTRA","27.000000",1826531,961132,865399,883126,463613,419513,943405,497519,445886
"MAHARASHTRA","28.000000",2067222,1074976,992246,1026442,525432,501010,1040780,549544,491236
"MAHARASHTRA","29.000000",1601877,844913,756964,752286,395172,357114,849591,449741,399850
"MAHARASHTRA","30.000000",2757064,1384073,1372991,1462834,713087,749747,1294230,670986,623244
"MAHARASHTRA","31.000000",1548794,814928,733866,732278,380339,351939,816516,434589,381927
"MAHARASHTRA","32.000000",1714660,897172,817488,862358,442008,420350,852302,455164,397138
"MAHARASHTRA","33.000000",1287968,668756,619212,620836,316488,304348,667132,352268,314864
"MAHARASHTRA","34.000000",1487821,771368,716453,716895,366835,350060,770926,404533,366393
"MAHARASHTRA","35.000000",2591092,1302046,1289046,1396681,684444,712237,1194411,617602,576809
"MAHARASHTRA","36.000000",1585038,813296,771742,794251,399914,394337,790787,413382,377405
"MAHARASHTRA","37.000000",1211057,618877,592180,590210,294769,295441,620847,324108,296739
"MAHARASHTRA","38.000000",1632934,825866,807068,853569,424409,429160,779365,401457,377908
"MAHARASHTRA","39.000000",1227039,649349,577690,588646,307739,280907,638393,341610,296783
"MAHARASHTRA","40.000000",2560132,1284058,1276074,1447918,705873,742045,1112214,578185,534029
"MAHARASHTRA","41.000000",1280248,681969,598279,632822,335141,297681,647426,346828,300598
"MAHARASHTRA","42.000000",1368558,730715,637843,710369,375692,334677,658189,355023,303166
"MAHARASHTRA","43.000000",974530,515723,458807,475994,250175,225819,498536,265548,232988
"MAHARASHTRA","44.000000",1012621,532360,480261,496486,258059,238427,516135,274301,241834
"MAHARASHTRA","45.000000",2175250,1086886,1088364,1239810,609490,630320,935440,477396,458044
"MAHARASHTRA","46.000000",1126118,587077,539041,566970,291934,275036,559148,295143,264005
"MAHARASHTRA","47.000000",865431,455642,409789,423350,218720,204630,442081,236922,205159
"MAHARASHTRA","48.000000",1047648,543463,504185,541733,275576,266157,505915,267887,238028
"MAHARASHTRA","49.000000",818007,443150,374857,395245,211433,183812,422762,231717,191045
"MAHARASHTRA","50.000000",1927821,954219,973602,1139014,553091,585923,788807,401128,387679
"MAHARASHTRA","51.000000",851257,462630,388627,426967,229151,197816,424290,233479,190811
"MAHARASHTRA","52.000000",810007,444047,365960,416729,224665,192064,393278,219382,173896
"MAHARASHTRA","53.000000",603038,331183,271855,284011,152261,131750,319027,178922,140105
"MAHARASHTRA","54.000000",727194,388912,338282,353108,185779,167329,374086,203133,170953
"MAHARASHTRA","55.000000",1454108,693406,760702,877264,407873,469391,576844,285533,291311
"MAHARASHTRA","56.000000",739533,388657,350876,382784,196332,186452,356749,192325,164424
"MAHARASHTRA","57.000000",512031,275974,236057,249602,130107,119495,262429,145867,116562
"MAHARASHTRA","58.000000",642304,335689,306615,336928,169237,167691,305376,166452,138924
"MAHARASHTRA","59.000000",537838,280403,257435,270677,135429,135248,267161,144974,122187
"MAHARASHTRA","60.000000",1583069,691433,891636,1015383,429317,586066,567686,262116,305570
"MAHARASHTRA","61.000000",625777,305592,320185,347156,162356,184800,278621,143236,135385
"MAHARASHTRA","62.000000",553629,273842,279787,319168,150256,168912,234461,123586,110875
"MAHARASHTRA","63.000000",428288,223279,205009,221740,110365,111375,206548,112914,93634
"MAHARASHTRA","64.000000",451717,222493,229224,251896,118461,133435,199821,104032,95789
"MAHARASHTRA","65.000000",1416322,606545,809777,985363,420149,565214,430959,186396,244563
"MAHARASHTRA","66.000000",571519,269713,301806,362692,166393,196299,208827,103320,105507
"MAHARASHTRA","67.000000",352299,184032,168267,211723,106991,104732,140576,77041,63535
"MAHARASHTRA","68.000000",406824,208567,198257,251749,125868,125881,155075,82699,72376
"MAHARASHTRA","69.000000",331388,171381,160007,197385,100743,96642,134003,70638,63365
"MAHARASHTRA","70.000000",1142588,518204,624384,814703,376046,438657,327885,142158,185727
"MAHARASHTRA","71.000000",371600,186373,185227,231060,115622,115438,140540,70751,69789
"MAHARASHTRA","72.000000",277613,146470,131143,173280,90755,82525,104333,55715,48618
"MAHARASHTRA","73.000000",165692,91126,74566,89445,48679,40766,76247,42447,33800
"MAHARASHTRA","74.000000",185643,97119,88524,102729,53668,49061,82914,43451,39463
"MAHARASHTRA","75.000000",520375,235323,285052,357256,164973,192283,163119,70350,92769
"MAHARASHTRA","76.000000",198127,98277,99850,119221,59237,59984,78906,39040,39866
"MAHARASHTRA","77.000000",113396,62367,51029,60257,33351,26906,53139,29016,24123
"MAHARASHTRA","78.000000",128432,67300,61132,71920,37828,34092,56512,29472,27040
"MAHARASHTRA","79.000000",102443,52164,50279,56073,28786,27287,46370,23378,22992
"MAHARASHTRA","80.000000",365177,157642,207535,253153,112920,140233,112024,44722,67302
"MAHARASHTRA","81.000000",111620,53523,58097,66420,32236,34184,45200,21287,23913
"MAHARASHTRA","82.000000",68545,35679,32866,38263,20135,18128,30282,15544,14738
"MAHARASHTRA","83.000000",44946,24512,20434,21630,12235,9395,23316,12277,11039
"MAHARASHTRA","84.000000",46363,23594,22769,23265,12174,11091,23098,11420,11678
"MAHARASHTRA","85.000000",126777,55078,71699,83548,37906,45642,43229,17172,26057
"MAHARASHTRA","86.000000",45394,21685,23709,24869,12240,12629,20525,9445,11080
"MAHARASHTRA","87.000000",25093,13000,12093,12402,6573,5829,12691,6427,6264
"MAHARASHTRA","88.000000",25649,12910,12739,13214,6677,6537,12435,6233,6202
"MAHARASHTRA","89.000000",24481,11503,12978,13202,6209,6993,11279,5294,5985
"MAHARASHTRA","90.000000",82245,32503,49742,56751,23154,33597,25494,9349,16145
"MAHARASHTRA","91.000000",29047,13050,15997,16923,7677,9246,12124,5373,6751
"MAHARASHTRA","92.000000",19868,9980,9888,10913,5436,5477,8955,4544,4411
"MAHARASHTRA","93.000000",12511,6397,6114,6214,3171,3043,6297,3226,3071
"MAHARASHTRA","94.000000",14215,7088,7127,7391,3684,3707,6824,3404,3420
"MAHARASHTRA","95.000000",32692,14457,18235,20336,8975,11361,12356,5482,6874
"MAHARASHTRA","96.000000",15519,7406,8113,8492,4008,4484,7027,3398,3629
"MAHARASHTRA","97.000000",10529,5417,5112,5476,2837,2639,5053,2580,2473
"MAHARASHTRA","98.000000",14023,6767,7256,7925,3781,4144,6098,2986,3112
"MAHARASHTRA","99.000000",7550,3309,4241,4729,2022,2707,2821,1287,1534
"MAHARASHTRA","100+",57950,26609,31341,34225,15198,19027,23725,11411,12314
"MAHARASHTRA","Age not stated",407696,219312,188384,205929,108723,97206,201767,110589,91178
"MANIPUR","All ages",2855794,1438586,1417208,2021640,1026884,994756,834154,411702,422452
"MANIPUR","0.000000",44178,22852,21326,30751,16089,14662,13427,6763,6664
"MANIPUR","1.000000",58404,30580,27824,42156,22074,20082,16248,8506,7742
"MANIPUR","2.000000",49167,25449,23718,36213,18762,17451,12954,6687,6267
"MANIPUR","3.000000",52179,26997,25182,38460,19985,18475,13719,7012,6707
"MANIPUR","4.000000",52754,27282,25472,38825,20184,18641,13929,7098,6831
"MANIPUR","5.000000",59079,30408,28671,43475,22425,21050,15604,7983,7621
"MANIPUR","6.000000",59596,30916,28680,44066,22924,21142,15530,7992,7538
"MANIPUR","7.000000",59467,30285,29182,44012,22522,21490,15455,7763,7692
"MANIPUR","8.000000",59412,30471,28941,44147,22722,21425,15265,7749,7516
"MANIPUR","9.000000",53689,27686,26003,39720,20519,19201,13969,7167,6802
"MANIPUR","10.000000",67741,35162,32579,50337,26125,24212,17404,9037,8367
"MANIPUR","11.000000",59530,30781,28749,43713,22732,20981,15817,8049,7768
"MANIPUR","12.000000",64919,33380,31539,48016,24906,23110,16903,8474,8429
"MANIPUR","13.000000",60556,30843,29713,44150,22690,21460,16406,8153,8253
"MANIPUR","14.000000",61017,30980,30037,44626,22761,21865,16391,8219,8172
"MANIPUR","15.000000",62680,31912,30768,46177,23624,22553,16503,8288,8215
"MANIPUR","16.000000",56560,28529,28031,42105,21324,20781,14455,7205,7250
"MANIPUR","17.000000",52601,26464,26137,38640,19511,19129,13961,6953,7008
"MANIPUR","18.000000",64850,32559,32291,48729,24691,24038,16121,7868,8253
"MANIPUR","19.000000",50317,25031,25286,37388,18756,18632,12929,6275,6654
"MANIPUR","20.000000",66692,33066,33626,50115,25021,25094,16577,8045,8532
"MANIPUR","21.000000",52468,26170,26298,38322,19257,19065,14146,6913,7233
"MANIPUR","22.000000",55541,27607,27934,39907,20163,19744,15634,7444,8190
"MANIPUR","23.000000",52447,25875,26572,37488,18566,18922,14959,7309,7650
"MANIPUR","24.000000",54634,26869,27765,38907,19216,19691,15727,7653,8074
"MANIPUR","25.000000",64930,31578,33352,46185,22703,23482,18745,8875,9870
"MANIPUR","26.000000",54564,27060,27504,38244,19140,19104,16320,7920,8400
"MANIPUR","27.000000",51322,25353,25969,35441,17635,17806,15881,7718,8163
"MANIPUR","28.000000",56135,27383,28752,38984,19180,19804,17151,8203,8948
"MANIPUR","29.000000",43526,21514,22012,30033,14968,15065,13493,6546,6947
"MANIPUR","30.000000",67254,33111,34143,47537,23714,23823,19717,9397,10320
"MANIPUR","31.000000",41008,20758,20250,28214,14448,13766,12794,6310,6484
"MANIPUR","32.000000",41438,20557,20881,28191,14039,14152,13247,6518,6729
"MANIPUR","33.000000",34322,17192,17130,22950,11612,11338,11372,5580,5792
"MANIPUR","34.000000",36932,18060,18872,25030,12330,12700,11902,5730,6172
"MANIPUR","35.000000",52295,25983,26312,36093,18172,17921,16202,7811,8391
"MANIPUR","36.000000",38510,19168,19342,25992,13092,12900,12518,6076,6442
"MANIPUR","37.000000",34719,17360,17359,23416,11777,11639,11303,5583,5720
"MANIPUR","38.000000",41115,19911,21204,28299,13790,14509,12816,6121,6695
"MANIPUR","39.000000",31814,15597,16217,21825,10808,11017,9989,4789,5200
"MANIPUR","40.000000",53614,26581,27033,38092,19050,19042,15522,7531,7991
"MANIPUR","41.000000",32370,16756,15614,22116,11521,10595,10254,5235,5019
"MANIPUR","42.000000",32073,16164,15909,21714,11053,10661,10359,5111,5248
"MANIPUR","43.000000",26217,13161,13056,17518,8913,8605,8699,4248,4451
"MANIPUR","44.000000",26555,13234,13321,17667,8905,8762,8888,4329,4559
"MANIPUR","45.000000",41160,20511,20649,28413,14257,14156,12747,6254,6493
"MANIPUR","46.000000",28381,14461,13920,19169,9753,9416,9212,4708,4504
"MANIPUR","47.000000",25588,13031,12557,17248,8852,8396,8340,4179,4161
"MANIPUR","48.000000",28877,14314,14563,19716,9803,9913,9161,4511,4650
"MANIPUR","49.000000",23024,11600,11424,15655,7995,7660,7369,3605,3764
"MANIPUR","50.000000",41480,20465,21015,28749,14511,14238,12731,5954,6777
"MANIPUR","51.000000",21452,11217,10235,14357,7627,6730,7095,3590,3505
"MANIPUR","52.000000",20963,10658,10305,13872,7124,6748,7091,3534,3557
"MANIPUR","53.000000",17319,8799,8520,11225,5684,5541,6094,3115,2979
"MANIPUR","54.000000",19063,9459,9604,12382,6159,6223,6681,3300,3381
"MANIPUR","55.000000",26785,13051,13734,17762,8799,8963,9023,4252,4771
"MANIPUR","56.000000",18395,9574,8821,12269,6476,5793,6126,3098,3028
"MANIPUR","57.000000",14805,7666,7139,9720,5059,4661,5085,2607,2478
"MANIPUR","58.000000",16328,8268,8060,10989,5580,5409,5339,2688,2651
"MANIPUR","59.000000",13186,6850,6336,8861,4641,4220,4325,2209,2116
"MANIPUR","60.000000",28447,14057,14390,19687,9920,9767,8760,4137,4623
"MANIPUR","61.000000",12650,6606,6044,8543,4485,4058,4107,2121,1986
"MANIPUR","62.000000",11197,5774,5423,7349,3838,3511,3848,1936,1912
"MANIPUR","63.000000",9570,5005,4565,6261,3327,2934,3309,1678,1631
"MANIPUR","64.000000",10033,5125,4908,6383,3305,3078,3650,1820,1830
"MANIPUR","65.000000",16886,8150,8736,11130,5512,5618,5756,2638,3118
"MANIPUR","66.000000",8767,4498,4269,5703,2963,2740,3064,1535,1529
"MANIPUR","67.000000",7175,3703,3472,4852,2537,2315,2323,1166,1157
"MANIPUR","68.000000",7510,3718,3792,5109,2549,2560,2401,1169,1232
"MANIPUR","69.000000",6310,3149,3161,4212,2116,2096,2098,1033,1065
"MANIPUR","70.000000",15204,7239,7965,10261,5008,5253,4943,2231,2712
"MANIPUR","71.000000",5901,2994,2907,3950,2033,1917,1951,961,990
"MANIPUR","72.000000",4863,2391,2472,3123,1554,1569,1740,837,903
"MANIPUR","73.000000",3823,1956,1867,2472,1279,1193,1351,677,674
"MANIPUR","74.000000",4462,2196,2266,2782,1427,1355,1680,769,911
"MANIPUR","75.000000",7923,3869,4054,5097,2503,2594,2826,1366,1460
"MANIPUR","76.000000",4232,2128,2104,2672,1379,1293,1560,749,811
"MANIPUR","77.000000",3030,1639,1391,1881,1055,826,1149,584,565
"MANIPUR","78.000000",3554,1725,1829,2277,1148,1129,1277,577,700
"MANIPUR","79.000000",2689,1302,1387,1729,876,853,960,426,534
"MANIPUR","80.000000",6626,3129,3497,4261,2111,2150,2365,1018,1347
"MANIPUR","81.000000",2644,1297,1347,1664,846,818,980,451,529
"MANIPUR","82.000000",1983,972,1011,1225,628,597,758,344,414
"MANIPUR","83.000000",1561,823,738,951,518,433,610,305,305
"MANIPUR","84.000000",1719,846,873,996,503,493,723,343,380
"MANIPUR","85.000000",2412,1200,1212,1461,741,720,951,459,492
"MANIPUR","86.000000",1327,663,664,794,422,372,533,241,292
"MANIPUR","87.000000",974,508,466,584,328,256,390,180,210
"MANIPUR","88.000000",837,409,428,518,264,254,319,145,174
"MANIPUR","89.000000",658,325,333,416,220,196,242,105,137
"MANIPUR","90.000000",1264,561,703,822,383,439,442,178,264
"MANIPUR","91.000000",530,269,261,313,175,138,217,94,123
"MANIPUR","92.000000",395,197,198,249,122,127,146,75,71
"MANIPUR","93.000000",296,142,154,162,77,85,134,65,69
"MANIPUR","94.000000",268,121,147,165,82,83,103,39,64
"MANIPUR","95.000000",424,180,244,240,113,127,184,67,117
"MANIPUR","96.000000",266,143,123,147,88,59,119,55,64
"MANIPUR","97.000000",218,100,118,124,57,67,94,43,51
"MANIPUR","98.000000",249,117,132,154,71,83,95,46,49
"MANIPUR","99.000000",127,53,74,87,38,49,40,15,25
"MANIPUR","100+",1016,516,500,809,421,388,207,95,112
"MANIPUR","Age not stated",7777,4232,3545,5652,3143,2509,2125,1089,1036
"MEGHALAYA","All ages",2318822,1176087,1142735,1864711,946999,917712,454111,229088,225023
"MEGHALAYA","0.000000",54517,27752,26765,47119,24031,23088,7398,3721,3677
"MEGHALAYA","1.000000",57966,29611,28355,49282,25123,24159,8684,4488,4196
"MEGHALAYA","2.000000",71064,35774,35290,61346,30854,30492,9718,4920,4798
"MEGHALAYA","3.000000",69417,35222,34195,59510,30167,29343,9907,5055,4852
"MEGHALAYA","4.000000",71602,35984,35618,61424,30782,30642,10178,5202,4976
"MEGHALAYA","5.000000",66999,34122,32877,56558,28824,27734,10441,5298,5143
"MEGHALAYA","6.000000",76414,38750,37664,65324,33200,32124,11090,5550,5540
"MEGHALAYA","7.000000",60408,30416,29992,49864,25188,24676,10544,5228,5316
"MEGHALAYA","8.000000",77562,38952,38610,65830,33008,32822,11732,5944,5788
"MEGHALAYA","9.000000",55774,28482,27292,45905,23555,22350,9869,4927,4942
"MEGHALAYA","10.000000",84329,43313,41016,70922,36412,34510,13407,6901,6506
"MEGHALAYA","11.000000",45276,23246,22030,35490,18156,17334,9786,5090,4696
"MEGHALAYA","12.000000",77684,39316,38368,64428,32647,31781,13256,6669,6587
"MEGHALAYA","13.000000",51753,25908,25845,40811,20624,20187,10942,5284,5658
"MEGHALAYA","14.000000",60112,29849,30263,47781,23977,23804,12331,5872,6459
"MEGHALAYA","15.000000",55067,27978,27089,43266,22313,20953,11801,5665,6136
"MEGHALAYA","16.000000",59176,30269,28907,46300,24093,22207,12876,6176,6700
"MEGHALAYA","17.000000",38359,19591,18768,28458,14848,13610,9901,4743,5158
"MEGHALAYA","18.000000",65286,33227,32059,51015,26172,24843,14271,7055,7216
"MEGHALAYA","19.000000",31892,15792,16100,23167,11439,11728,8725,4353,4372
"MEGHALAYA","20.000000",62990,30865,32125,49049,24045,25004,13941,6820,7121
"MEGHALAYA","21.000000",27440,13630,13810,19847,9740,10107,7593,3890,3703
"MEGHALAYA","22.000000",42911,20676,22235,32850,15696,17154,10061,4980,5081
"MEGHALAYA","23.000000",29586,14197,15389,22106,10589,11517,7480,3608,3872
"MEGHALAYA","24.000000",32260,15078,17182,24286,11222,13064,7974,3856,4118
"MEGHALAYA","25.000000",57084,27052,30032,45635,21566,24069,11449,5486,5963
"MEGHALAYA","26.000000",35770,17228,18542,27615,13271,14344,8155,3957,4198
"MEGHALAYA","27.000000",26209,12711,13498,19875,9578,10297,6334,3133,3201
"MEGHALAYA","28.000000",45885,21208,24677,35994,16540,19454,9891,4668,5223
"MEGHALAYA","29.000000",19189,9034,10155,14573,6800,7773,4616,2234,2382
"MEGHALAYA","30.000000",67194,34545,32649,53607,27840,25767,13587,6705,6882
"MEGHALAYA","31.000000",14468,7575,6893,10946,5716,5230,3522,1859,1663
"MEGHALAYA","32.000000",32502,16307,16195,24917,12432,12485,7585,3875,3710
"MEGHALAYA","33.000000",16165,8022,8143,12350,6058,6292,3815,1964,1851
"MEGHALAYA","34.000000",17403,8223,9180,13164,6104,7060,4239,2119,2120
"MEGHALAYA","35.000000",59703,32301,27402,47374,25664,21710,12329,6637,5692
"MEGHALAYA","36.000000",26819,13836,12983,20992,10817,10175,5827,3019,2808
"MEGHALAYA","37.000000",15567,8039,7528,12156,6264,5892,3411,1775,1636
"MEGHALAYA","38.000000",34719,17430,17289,27261,13593,13668,7458,3837,3621
"MEGHALAYA","39.000000",14271,7253,7018,11163,5625,5538,3108,1628,1480
"MEGHALAYA","40.000000",56161,30882,25279,44726,24608,20118,11435,6274,5161
"MEGHALAYA","41.000000",9411,5179,4232,7362,4006,3356,2049,1173,876
"MEGHALAYA","42.000000",20521,11047,9474,15781,8450,7331,4740,2597,2143
"MEGHALAYA","43.000000",10216,4978,5238,7788,3715,4073,2428,1263,1165
"MEGHALAYA","44.000000",7226,3487,3739,5356,2513,2843,1870,974,896
"MEGHALAYA","45.000000",43350,23777,19573,34742,19056,15686,8608,4721,3887
"MEGHALAYA","46.000000",12193,6368,5825,9488,4930,4558,2705,1438,1267
"MEGHALAYA","47.000000",8390,4458,3932,6362,3364,2998,2028,1094,934
"MEGHALAYA","48.000000",19134,9923,9211,15049,7761,7288,4085,2162,1923
"MEGHALAYA","49.000000",7638,4096,3542,5943,3135,2808,1695,961,734
"MEGHALAYA","50.000000",35356,19177,16179,28315,15421,12894,7041,3756,3285
"MEGHALAYA","51.000000",5707,3286,2421,4528,2572,1956,1179,714,465
"MEGHALAYA","52.000000",11188,6194,4994,8460,4607,3853,2728,1587,1141
"MEGHALAYA","53.000000",5575,3010,2565,4135,2193,1942,1440,817,623
"MEGHALAYA","54.000000",5961,3048,2913,4346,2158,2188,1615,890,725
"MEGHALAYA","55.000000",18943,9768,9175,15323,7841,7482,3620,1927,1693
"MEGHALAYA","56.000000",8037,4413,3624,6308,3435,2873,1729,978,751
"MEGHALAYA","57.000000",3901,2119,1782,2966,1555,1411,935,564,371
"MEGHALAYA","58.000000",8980,4568,4412,7152,3578,3574,1828,990,838
"MEGHALAYA","59.000000",3256,1728,1528,2583,1355,1228,673,373,300
"MEGHALAYA","60.000000",26055,13643,12412,21718,11544,10174,4337,2099,2238
"MEGHALAYA","61.000000",2990,1588,1402,2471,1301,1170,519,287,232
"MEGHALAYA","62.000000",5282,2755,2527,4192,2213,1979,1090,542,548
"MEGHALAYA","63.000000",2662,1310,1352,2131,1023,1108,531,287,244
"MEGHALAYA","64.000000",2337,1152,1185,1768,869,899,569,283,286
"MEGHALAYA","65.000000",16054,8275,7779,13256,6958,6298,2798,1317,1481
"MEGHALAYA","66.000000",2360,1212,1148,1862,977,885,498,235,263
"MEGHALAYA","67.000000",2387,1292,1095,1866,1021,845,521,271,250
"MEGHALAYA","68.000000",4328,2096,2232,3444,1701,1743,884,395,489
"MEGHALAYA","69.000000",1535,736,799,1224,591,633,311,145,166
"MEGHALAYA","70.000000",13045,6598,6447,10791,5576,5215,2254,1022,1232
"MEGHALAYA","71.000000",1378,750,628,1086,609,477,292,141,151
"MEGHALAYA","72.000000",2488,1251,1237,1917,995,922,571,256,315
"MEGHALAYA","73.000000",1075,544,531,798,415,383,277,129,148
"MEGHALAYA","74.000000",811,382,429,553,273,280,258,109,149
"MEGHALAYA","75.000000",5996,3104,2892,4942,2658,2284,1054,446,608
"MEGHALAYA","76.000000",1185,576,609,874,432,442,311,144,167
"MEGHALAYA","77.000000",520,276,244,363,200,163,157,76,81
"MEGHALAYA","78.000000",1473,734,739,1102,557,545,371,177,194
"MEGHALAYA","79.000000",522,258,264,372,183,189,150,75,75
"MEGHALAYA","80.000000",4421,2182,2239,3724,1892,1832,697,290,407
"MEGHALAYA","81.000000",447,232,215,317,169,148,130,63,67
"MEGHALAYA","82.000000",658,321,337,493,251,242,165,70,95
"MEGHALAYA","83.000000",317,157,160,200,97,103,117,60,57
"MEGHALAYA","84.000000",266,127,139,167,83,84,99,44,55
"MEGHALAYA","85.000000",1500,739,761,1217,634,583,283,105,178
"MEGHALAYA","86.000000",355,133,222,241,95,146,114,38,76
"MEGHALAYA","87.000000",231,102,129,165,76,89,66,26,40
"MEGHALAYA","88.000000",273,135,138,207,106,101,66,29,37
"MEGHALAYA","89.000000",191,104,87,134,77,57,57,27,30
"MEGHALAYA","90.000000",933,447,486,781,394,387,152,53,99
"MEGHALAYA","91.000000",124,69,55,101,53,48,23,16,7
"MEGHALAYA","92.000000",189,91,98,142,70,72,47,21,26
"MEGHALAYA","93.000000",99,51,48,74,41,33,25,10,15
"MEGHALAYA","94.000000",79,38,41,60,29,31,19,9,10
"MEGHALAYA","95.000000",408,190,218,333,165,168,75,25,50
"MEGHALAYA","96.000000",133,82,51,108,67,41,25,15,10
"MEGHALAYA","97.000000",92,46,46,72,36,36,20,10,10
"MEGHALAYA","98.000000",168,79,89,141,67,74,27,12,15
"MEGHALAYA","99.000000",119,61,58,101,53,48,18,8,10
"MEGHALAYA","100+",240,98,142,210,82,128,30,16,14
"MEGHALAYA","Age not stated",3160,1801,1359,2720,1540,1180,440,261,179
"MIZORAM","All ages",1097206,555339,541867,525435,269135,256300,571771,286204,285567
"MIZORAM","0.000000",23899,12017,11882,12868,6505,6363,11031,5512,5519
"MIZORAM","1.000000",28745,14711,14034,15755,8061,7694,12990,6650,6340
"MIZORAM","2.000000",22656,11504,11152,12817,6461,6356,9839,5043,4796
"MIZORAM","3.000000",23235,11844,11391,12990,6618,6372,10245,5226,5019
"MIZORAM","4.000000",22698,11465,11233,12542,6432,6110,10156,5033,5123
"MIZORAM","5.000000",23855,12056,11799,13420,6754,6666,10435,5302,5133
"MIZORAM","6.000000",23443,11964,11479,12992,6658,6334,10451,5306,5145
"MIZORAM","7.000000",24090,12123,11967,13359,6725,6634,10731,5398,5333
"MIZORAM","8.000000",23435,11951,11484,12933,6635,6298,10502,5316,5186
"MIZORAM","9.000000",22965,11794,11171,12192,6301,5891,10773,5493,5280
"MIZORAM","10.000000",25316,12805,12511,13489,6855,6634,11827,5950,5877
"MIZORAM","11.000000",23390,11958,11432,12093,6280,5813,11297,5678,5619
"MIZORAM","12.000000",22986,11701,11285,11887,6023,5864,11099,5678,5421
"MIZORAM","13.000000",22730,11631,11099,11569,5971,5598,11161,5660,5501
"MIZORAM","14.000000",22559,11431,11128,11050,5707,5343,11509,5724,5785
"MIZORAM","15.000000",22365,11437,10928,10614,5543,5071,11751,5894,5857
"MIZORAM","16.000000",22353,11424,10929,10330,5410,4920,12023,6014,6009
"MIZORAM","17.000000",21574,10973,10601,9710,5128,4582,11864,5845,6019
"MIZORAM","18.000000",22772,11468,11304,10128,5223,4905,12644,6245,6399
"MIZORAM","19.000000",21279,10605,10674,9475,4696,4779,11804,5909,5895
"MIZORAM","20.000000",24540,12268,12272,11380,5695,5685,13160,6573,6587
"MIZORAM","21.000000",21924,10828,11096,9900,4934,4966,12024,5894,6130
"MIZORAM","22.000000",22112,10866,11246,10160,4948,5212,11952,5918,6034
"MIZORAM","23.000000",21264,10569,10695,9600,4764,4836,11664,5805,5859
"MIZORAM","24.000000",21868,10981,10887,9929,4973,4956,11939,6008,5931
"MIZORAM","25.000000",22596,11417,11179,10536,5260,5276,12060,6157,5903
"MIZORAM","26.000000",21913,10835,11078,9931,4974,4957,11982,5861,6121
"MIZORAM","27.000000",19612,9850,9762,8766,4462,4304,10846,5388,5458
"MIZORAM","28.000000",20870,10267,10603,9320,4636,4684,11550,5631,5919
"MIZORAM","29.000000",17355,9021,8334,7831,4110,3721,9524,4911,4613
"MIZORAM","30.000000",21257,10857,10400,9891,5115,4776,11366,5742,5624
"MIZORAM","31.000000",18274,9190,9084,8039,4140,3899,10235,5050,5185
"MIZORAM","32.000000",16952,8498,8454,7232,3722,3510,9720,4776,4944
"MIZORAM","33.000000",16000,7982,8018,6858,3450,3408,9142,4532,4610
"MIZORAM","34.000000",15891,7814,8077,6720,3374,3346,9171,4440,4731
"MIZORAM","35.000000",18094,9242,8852,8062,4189,3873,10032,5053,4979
"MIZORAM","36.000000",14964,7565,7399,6457,3359,3098,8507,4206,4301
"MIZORAM","37.000000",13682,6945,6737,5901,3093,2808,7781,3852,3929
"MIZORAM","38.000000",14682,7366,7316,6312,3244,3068,8370,4122,4248
"MIZORAM","39.000000",10962,5699,5263,4897,2576,2321,6065,3123,2942
"MIZORAM","40.000000",14083,7371,6712,6402,3403,2999,7681,3968,3713
"MIZORAM","41.000000",11047,5710,5337,4749,2510,2239,6298,3200,3098
"MIZORAM","42.000000",11601,5946,5655,4687,2419,2268,6914,3527,3387
"MIZORAM","43.000000",9356,4826,4530,3872,1976,1896,5484,2850,2634
"MIZORAM","44.000000",12093,6117,5976,5108,2617,2491,6985,3500,3485
"MIZORAM","45.000000",12605,6399,6206,5454,2828,2626,7151,3571,3580
"MIZORAM","46.000000",11347,5659,5688,4831,2511,2320,6516,3148,3368
"MIZORAM","47.000000",10247,5226,5021,4351,2274,2077,5896,2952,2944
"MIZORAM","48.000000",10725,5429,5296,4667,2388,2279,6058,3041,3017
"MIZORAM","49.000000",8251,4315,3936,3742,1982,1760,4509,2333,2176
"MIZORAM","50.000000",11269,5704,5565,5408,2811,2597,5861,2893,2968
"MIZORAM","51.000000",9399,4809,4590,4275,2240,2035,5124,2569,2555
"MIZORAM","52.000000",8650,4400,4250,3882,1997,1885,4768,2403,2365
"MIZORAM","53.000000",7591,3929,3662,3392,1788,1604,4199,2141,2058
"MIZORAM","54.000000",7347,3714,3633,3301,1702,1599,4046,2012,2034
"MIZORAM","55.000000",7522,3872,3650,3583,1866,1717,3939,2006,1933
"MIZORAM","56.000000",6946,3621,3325,3273,1771,1502,3673,1850,1823
"MIZORAM","57.000000",5645,2918,2727,2644,1415,1229,3001,1503,1498
"MIZORAM","58.000000",6162,3153,3009,2867,1501,1366,3295,1652,1643
"MIZORAM","59.000000",4902,2575,2327,2236,1217,1019,2666,1358,1308
"MIZORAM","60.000000",6638,3317,3321,3327,1699,1628,3311,1618,1693
"MIZORAM","61.000000",4816,2422,2394,2353,1210,1143,2463,1212,1251
"MIZORAM","62.000000",4421,2213,2208,2074,1095,979,2347,1118,1229
"MIZORAM","63.000000",4650,2424,2226,2143,1162,981,2507,1262,1245
"MIZORAM","64.000000",3955,1981,1974,1839,944,895,2116,1037,1079
"MIZORAM","65.000000",4282,2080,2202,2202,1151,1051,2080,929,1151
"MIZORAM","66.000000",3350,1684,1666,1567,802,765,1783,882,901
"MIZORAM","67.000000",2895,1467,1428,1411,730,681,1484,737,747
"MIZORAM","68.000000",3190,1594,1596,1496,784,712,1694,810,884
"MIZORAM","69.000000",2453,1289,1164,1202,638,564,1251,651,600
"MIZORAM","70.000000",3551,1760,1791,1775,893,882,1776,867,909
"MIZORAM","71.000000",2443,1267,1176,1148,622,526,1295,645,650
"MIZORAM","72.000000",2093,1091,1002,926,489,437,1167,602,565
"MIZORAM","73.000000",2027,1043,984,890,482,408,1137,561,576
"MIZORAM","74.000000",1906,947,959,833,421,412,1073,526,547
"MIZORAM","75.000000",2308,1135,1173,1087,558,529,1221,577,644
"MIZORAM","76.000000",1617,819,798,780,429,351,837,390,447
"MIZORAM","77.000000",1504,729,775,628,324,304,876,405,471
"MIZORAM","78.000000",1322,696,626,630,334,296,692,362,330
"MIZORAM","79.000000",1033,505,528,474,231,243,559,274,285
"MIZORAM","80.000000",1585,771,814,759,369,390,826,402,424
"MIZORAM","81.000000",1064,534,530,451,239,212,613,295,318
"MIZORAM","82.000000",778,403,375,351,194,157,427,209,218
"MIZORAM","83.000000",699,344,355,273,132,141,426,212,214
"MIZORAM","84.000000",662,300,362,302,138,164,360,162,198
"MIZORAM","85.000000",633,292,341,300,136,164,333,156,177
"MIZORAM","86.000000",518,227,291,245,101,144,273,126,147
"MIZORAM","87.000000",381,188,193,167,78,89,214,110,104
"MIZORAM","88.000000",337,158,179,148,71,77,189,87,102
"MIZORAM","89.000000",248,103,145,104,38,66,144,65,79
"MIZORAM","90.000000",347,152,195,186,86,100,161,66,95
"MIZORAM","91.000000",173,73,100,70,32,38,103,41,62
"MIZORAM","92.000000",126,60,66,55,30,25,71,30,41
"MIZORAM","93.000000",106,53,53,44,20,24,62,33,29
"MIZORAM","94.000000",77,36,41,40,19,21,37,17,20
"MIZORAM","95.000000",96,37,59,48,22,26,48,15,33
"MIZORAM","96.000000",68,32,36,23,6,17,45,26,19
"MIZORAM","97.000000",50,26,24,23,7,16,27,19,8
"MIZORAM","98.000000",66,27,39,38,14,24,28,13,15
"MIZORAM","99.000000",42,17,25,24,10,14,18,7,11
"MIZORAM","100+",118,49,69,60,21,39,58,28,30
"MIZORAM","Age not stated",633,379,254,280,154,126,353,225,128
"NAGALAND","All ages",1978502,1024649,953853,1407536,725472,682064,570966,299177,271789
"NAGALAND","0.000000",33464,17103,16361,24485,12523,11962,8979,4580,4399
"NAGALAND","1.000000",40143,20579,19564,29915,15340,14575,10228,5239,4989
"NAGALAND","2.000000",40173,20781,19392,30348,15735,14613,9825,5046,4779
"NAGALAND","3.000000",40812,20888,19924,30598,15791,14807,10214,5097,5117
"NAGALAND","4.000000",42670,21940,20730,31915,16592,15323,10755,5348,5407
"NAGALAND","5.000000",45634,23692,21942,34036,17775,16261,11598,5917,5681
"NAGALAND","6.000000",48175,24802,23373,36185,18727,17458,11990,6075,5915
"NAGALAND","7.000000",47314,24604,22710,35118,18330,16788,12196,6274,5922
"NAGALAND","8.000000",46619,24166,22453,34795,18029,16766,11824,6137,5687
"NAGALAND","9.000000",45357,23383,21974,33490,17259,16231,11867,6124,5743
"NAGALAND","10.000000",54020,28025,25995,40412,21140,19272,13608,6885,6723
"NAGALAND","11.000000",49059,25536,23523,35806,18749,17057,13253,6787,6466
"NAGALAND","12.000000",50676,26301,24375,37210,19355,17855,13466,6946,6520
"NAGALAND","13.000000",47547,24785,22762,34002,17795,16207,13545,6990,6555
"NAGALAND","14.000000",47369,24590,22779,33719,17619,16100,13650,6971,6679
"NAGALAND","15.000000",50125,26094,24031,36172,18914,17258,13953,7180,6773
"NAGALAND","16.000000",48251,24771,23480,34251,17583,16668,14000,7188,6812
"NAGALAND","17.000000",42900,21890,21010,29742,15280,14462,13158,6610,6548
"NAGALAND","18.000000",48929,25021,23908,34757,17757,17000,14172,7264,6908
"NAGALAND","19.000000",39417,20218,19199,27004,13825,13179,12413,6393,6020
"NAGALAND","20.000000",49489,25085,24404,35402,18109,17293,14087,6976,7111
"NAGALAND","21.000000",40598,20721,19877,27792,14277,13515,12806,6444,6362
"NAGALAND","22.000000",39366,19965,19401,26534,13491,13043,12832,6474,6358
"NAGALAND","23.000000",36104,18346,17758,24129,12187,11942,11975,6159,5816
"NAGALAND","24.000000",38806,19652,19154,25724,12880,12844,13082,6772,6310
"NAGALAND","25.000000",42349,21469,20880,28201,14253,13948,14148,7216,6932
"NAGALAND","26.000000",38213,19430,18783,25255,12706,12549,12958,6724,6234
"NAGALAND","27.000000",31835,16145,15690,20677,10289,10388,11158,5856,5302
"NAGALAND","28.000000",36525,18214,18311,24461,11967,12494,12064,6247,5817
"NAGALAND","29.000000",27979,14340,13639,18537,9373,9164,9442,4967,4475
"NAGALAND","30.000000",43783,22038,21745,30760,15399,15361,13023,6639,6384
"NAGALAND","31.000000",29904,15500,14404,19784,10261,9523,10120,5239,4881
"NAGALAND","32.000000",28632,14613,14019,19036,9571,9465,9596,5042,4554
"NAGALAND","33.000000",22931,11839,11092,14947,7600,7347,7984,4239,3745
"NAGALAND","34.000000",24674,12515,12159,15965,7951,8014,8709,4564,4145
"NAGALAND","35.000000",33990,17084,16906,22778,11261,11517,11212,5823,5389
"NAGALAND","36.000000",26559,13384,13175,17714,8732,8982,8845,4652,4193
"NAGALAND","37.000000",21210,10743,10467,14279,7103,7176,6931,3640,3291
"NAGALAND","38.000000",26864,13291,13573,18684,9035,9649,8180,4256,3924
"NAGALAND","39.000000",19575,10193,9382,13715,6936,6779,5860,3257,2603
"NAGALAND","40.000000",35932,18578,17354,26080,13283,12797,9852,5295,4557
"NAGALAND","41.000000",22094,11866,10228,15211,8023,7188,6883,3843,3040
"NAGALAND","42.000000",20827,10938,9889,14362,7352,7010,6465,3586,2879
"NAGALAND","43.000000",15714,8401,7313,10641,5533,5108,5073,2868,2205
"NAGALAND","44.000000",14694,7870,6824,9735,5020,4715,4959,2850,2109
"NAGALAND","45.000000",25633,13544,12089,17802,9249,8553,7831,4295,3536
"NAGALAND","46.000000",18182,10059,8123,12504,6823,5681,5678,3236,2442
"NAGALAND","47.000000",14467,7990,6477,9954,5348,4606,4513,2642,1871
"NAGALAND","48.000000",16582,8940,7642,11793,6184,5609,4789,2756,2033
"NAGALAND","49.000000",12883,7224,5659,9292,5040,4252,3591,2184,1407
"NAGALAND","50.000000",23688,12798,10890,17552,9283,8269,6136,3515,2621
"NAGALAND","51.000000",13033,7291,5742,9347,5108,4239,3686,2183,1503
"NAGALAND","52.000000",11072,6131,4941,7900,4248,3652,3172,1883,1289
"NAGALAND","53.000000",8862,4918,3944,6199,3307,2892,2663,1611,1052
"NAGALAND","54.000000",9204,4996,4208,6520,3430,3090,2684,1566,1118
"NAGALAND","55.000000",12757,6787,5970,9287,4789,4498,3470,1998,1472
"NAGALAND","56.000000",9355,5135,4220,6767,3646,3121,2588,1489,1099
"NAGALAND","57.000000",6904,3838,3066,5012,2707,2305,1892,1131,761
"NAGALAND","58.000000",8145,4455,3690,6096,3250,2846,2049,1205,844
"NAGALAND","59.000000",6237,3526,2711,4589,2506,2083,1648,1020,628
"NAGALAND","60.000000",13709,7302,6407,10722,5603,5119,2987,1699,1288
"NAGALAND","61.000000",7227,4013,3214,5546,3035,2511,1681,978,703
"NAGALAND","62.000000",5987,3177,2810,4628,2416,2212,1359,761,598
"NAGALAND","63.000000",5047,2760,2287,3825,2018,1807,1222,742,480
"NAGALAND","64.000000",4549,2431,2118,3480,1826,1654,1069,605,464
"NAGALAND","65.000000",7842,4109,3733,6113,3198,2915,1729,911,818
"NAGALAND","66.000000",4829,2556,2273,3738,1972,1766,1091,584,507
"NAGALAND","67.000000",3703,2028,1675,2831,1532,1299,872,496,376
"NAGALAND","68.000000",4509,2333,2176,3587,1819,1768,922,514,408
"NAGALAND","69.000000",3360,1775,1585,2670,1409,1261,690,366,324
"NAGALAND","70.000000",7126,3641,3485,5930,3043,2887,1196,598,598
"NAGALAND","71.000000",3607,1929,1678,2932,1562,1370,675,367,308
"NAGALAND","72.000000",2613,1440,1173,2142,1165,977,471,275,196
"NAGALAND","73.000000",2104,1142,962,1682,916,766,422,226,196
"NAGALAND","74.000000",2143,1108,1035,1667,864,803,476,244,232
"NAGALAND","75.000000",3638,1871,1767,2961,1510,1451,677,361,316
"NAGALAND","76.000000",2176,1181,995,1782,973,809,394,208,186
"NAGALAND","77.000000",1455,813,642,1178,675,503,277,138,139
"NAGALAND","78.000000",1824,1006,818,1506,832,674,318,174,144
"NAGALAND","79.000000",1472,764,708,1202,616,586,270,148,122
"NAGALAND","80.000000",3064,1577,1487,2580,1356,1224,484,221,263
"NAGALAND","81.000000",1447,785,662,1198,652,546,249,133,116
"NAGALAND","82.000000",979,523,456,781,446,335,198,77,121
"NAGALAND","83.000000",748,404,344,597,335,262,151,69,82
"NAGALAND","84.000000",784,439,345,604,340,264,180,99,81
"NAGALAND","85.000000",1099,544,555,891,450,441,208,94,114
"NAGALAND","86.000000",708,382,326,577,320,257,131,62,69
"NAGALAND","87.000000",549,283,266,441,230,211,108,53,55
"NAGALAND","88.000000",490,255,235,387,205,182,103,50,53
"NAGALAND","89.000000",455,263,192,359,210,149,96,53,43
"NAGALAND","90.000000",840,458,382,708,396,312,132,62,70
"NAGALAND","91.000000",409,215,194,324,177,147,85,38,47
"NAGALAND","92.000000",374,204,170,290,166,124,84,38,46
"NAGALAND","93.000000",269,154,115,197,115,82,72,39,33
"NAGALAND","94.000000",227,124,103,174,98,76,53,26,27
"NAGALAND","95.000000",316,185,131,242,151,91,74,34,40
"NAGALAND","96.000000",216,127,89,161,98,63,55,29,26
"NAGALAND","97.000000",178,98,80,132,70,62,46,28,18
"NAGALAND","98.000000",197,118,79,151,93,58,46,25,21
"NAGALAND","99.000000",109,63,46,84,49,35,25,14,11
"NAGALAND","100+",348,199,149,285,171,114,63,28,35
"NAGALAND","Age not stated",1471,849,622,1274,732,542,197,117,80
"NCT OF DELHI","All ages",16787941,8987326,7800615,419042,226321,192721,16368899,8761005,7607894
"NCT OF DELHI","0.000000",254697,135801,118896,7353,4068,3285,247344,131733,115611
"NCT OF DELHI","1.000000",271648,145143,126505,7568,4141,3427,264080,141002,123078
"NCT OF DELHI","2.000000",281664,148868,132796,8084,4449,3635,273580,144419,129161
"NCT OF DELHI","3.000000",285599,150577,135022,7991,4298,3693,277608,146279,131329
"NCT OF DELHI","4.000000",287592,153947,133645,8129,4525,3604,279463,149422,130041
"NCT OF DELHI","5.000000",322952,175420,147532,9183,5159,4024,313769,170261,143508
"NCT OF DELHI","6.000000",308302,165684,142618,8408,4619,3789,299894,161065,138829
"NCT OF DELHI","7.000000",306299,163769,142530,8514,4710,3804,297785,159059,138726
"NCT OF DELHI","8.000000",308389,166754,141635,8534,4705,3829,299855,162049,137806
"NCT OF DELHI","9.000000",290030,157860,132170,7955,4505,3450,282075,153355,128720
"NCT OF DELHI","10.000000",363540,199751,163789,10471,5823,4648,353069,193928,159141
"NCT OF DELHI","11.000000",313738,170780,142958,8562,4770,3792,305176,166010,139166
"NCT OF DELHI","12.000000",335583,183037,152546,9423,5240,4183,326160,177797,148363
"NCT OF DELHI","13.000000",310246,166567,143679,8617,4835,3782,301629,161732,139897
"NCT OF DELHI","14.000000",325040,175311,149729,8810,4811,3999,316230,170500,145730
"NCT OF DELHI","15.000000",334622,183018,151604,9078,4996,4082,325544,178022,147522
"NCT OF DELHI","16.000000",327551,179164,148387,8989,4988,4001,318562,174176,144386
"NCT OF DELHI","17.000000",309686,171583,138103,8211,4707,3504,301475,166876,134599
"NCT OF DELHI","18.000000",384172,217908,166264,10169,5802,4367,374003,212106,161897
"NCT OF DELHI","19.000000",311344,173445,137899,7920,4423,3497,303424,169022,134402
"NCT OF DELHI","20.000000",398344,218155,180189,10523,5631,4892,387821,212524,175297
"NCT OF DELHI","21.000000",328287,179370,148917,8256,4503,3753,320031,174867,145164
"NCT OF DELHI","22.000000",374251,202588,171663,9527,5272,4255,364724,197316,167408
"NCT OF DELHI","23.000000",322571,171041,151530,7797,4057,3740,314774,166984,147790
"NCT OF DELHI","24.000000",340607,180257,160350,8304,4342,3962,332303,175915,156388
"NCT OF DELHI","25.000000",411939,215787,196152,10221,5395,4826,401718,210392,191326
"NCT OF DELHI","26.000000",356500,187815,168685,8455,4376,4079,348045,183439,164606
"NCT OF DELHI","27.000000",294983,157514,137469,6720,3610,3110,288263,153904,134359
"NCT OF DELHI","28.000000",362153,188212,173941,8564,4414,4150,353589,183798,169791
"NCT OF DELHI","29.000000",242751,128868,113883,5290,2789,2501,237461,126079,111382
"NCT OF DELHI","30.000000",444290,234151,210139,11091,5682,5409,433199,228469,204730
"NCT OF DELHI","31.000000",237400,128112,109288,5138,2673,2465,232262,125439,106823
"NCT OF DELHI","32.000000",304453,161530,142923,7361,3755,3606,297092,157775,139317
"NCT OF DELHI","33.000000",214917,111309,103608,4941,2536,2405,209976,108773,101203
"NCT OF DELHI","34.000000",233639,122353,111286,5302,2785,2517,228337,119568,108769
"NCT OF DELHI","35.000000",410699,224792,185907,10662,5815,4847,400037,218977,181060
"NCT OF DELHI","36.000000",258025,135842,122183,6060,3186,2874,251965,132656,119309
"NCT OF DELHI","37.000000",200353,105526,94827,4490,2394,2096,195863,103132,92731
"NCT OF DELHI","38.000000",270093,136171,133922,6461,3171,3290,263632,133000,130632
"NCT OF DELHI","39.000000",180074,96124,83950,3975,2172,1803,176099,93952,82147
"NCT OF DELHI","40.000000",384411,211406,173005,10189,5683,4506,374222,205723,168499
"NCT OF DELHI","41.000000",186329,102086,84243,4069,2295,1774,182260,99791,82469
"NCT OF DELHI","42.000000",220251,117844,102407,5110,2797,2313,215141,115047,100094
"NCT OF DELHI","43.000000",154663,79612,75051,3285,1630,1655,151378,77982,73396
"NCT OF DELHI","44.000000",151543,79910,71633,3309,1775,1534,148234,78135,70099
"NCT OF DELHI","45.000000",312944,173543,139401,7710,4350,3360,305234,169193,136041
"NCT OF DELHI","46.000000",176021,94736,81285,3743,2110,1633,172278,92626,79652
"NCT OF DELHI","47.000000",133935,72645,61290,2584,1442,1142,131351,71203,60148
"NCT OF DELHI","48.000000",173787,91109,82678,3631,1913,1718,170156,89196,80960
"NCT OF DELHI","49.000000",114526,63194,51332,2008,1166,842,112518,62028,50490
"NCT OF DELHI","50.000000",249792,135535,114257,6281,3414,2867,243511,132121,111390
"NCT OF DELHI","51.000000",117880,65681,52199,2181,1249,932,115699,64432,51267
"NCT OF DELHI","52.000000",123780,68089,55691,2431,1327,1104,121349,66762,54587
"NCT OF DELHI","53.000000",97002,53264,43738,1702,937,765,95300,52327,42973
"NCT OF DELHI","54.000000",99015,53653,45362,1752,990,762,97263,52663,44600
"NCT OF DELHI","55.000000",171408,89496,81912,4043,2132,1911,167365,87364,80001
"NCT OF DELHI","56.000000",102959,55451,47508,1940,1038,902,101019,54413,46606
"NCT OF DELHI","57.000000",74115,40270,33845,1278,681,597,72837,39589,33248
"NCT OF DELHI","58.000000",92058,46956,45102,1849,886,963,90209,46070,44139
"NCT OF DELHI","59.000000",68352,37012,31340,1189,635,554,67163,36377,30786
"NCT OF DELHI","60.000000",181998,86363,95635,5036,2273,2763,176962,84090,92872
"NCT OF DELHI","61.000000",82653,41977,40676,1885,903,982,80768,41074,39694
"NCT OF DELHI","62.000000",84901,44348,40553,2143,1106,1037,82758,43242,39516
"NCT OF DELHI","63.000000",67873,36179,31694,1496,817,679,66377,35362,31015
"NCT OF DELHI","64.000000",54594,29236,25358,1064,601,463,53530,28635,24895
"NCT OF DELHI","65.000000",109926,53707,56219,2987,1429,1558,106939,52278,54661
"NCT OF DELHI","66.000000",52847,27071,25776,1076,538,538,51771,26533,25238
"NCT OF DELHI","67.000000",35778,19632,16146,645,372,273,35133,19260,15873
"NCT OF DELHI","68.000000",43455,22587,20868,861,471,390,42594,22116,20478
"NCT OF DELHI","69.000000",30446,16401,14045,554,315,239,29892,16086,13806
"NCT OF DELHI","70.000000",81809,38302,43507,2404,1172,1232,79405,37130,42275
"NCT OF DELHI","71.000000",35350,17754,17596,781,364,417,34569,17390,17179
"NCT OF DELHI","72.000000",29392,15490,13902,500,262,238,28892,15228,13664
"NCT OF DELHI","73.000000",21681,11797,9884,325,193,132,21356,11604,9752
"NCT OF DELHI","74.000000",21018,11604,9414,308,180,128,20710,11424,9286
"NCT OF DELHI","75.000000",41458,19360,22098,1069,487,582,40389,18873,21516
"NCT OF DELHI","76.000000",21286,10767,10519,381,190,191,20905,10577,10328
"NCT OF DELHI","77.000000",12940,7101,5839,181,85,96,12759,7016,5743
"NCT OF DELHI","78.000000",14576,7720,6856,269,144,125,14307,7576,6731
"NCT OF DELHI","79.000000",10433,5498,4935,147,74,73,10286,5424,4862
"NCT OF DELHI","80.000000",30342,12953,17389,975,436,539,29367,12517,16850
"NCT OF DELHI","81.000000",12373,5826,6547,247,108,139,12126,5718,6408
"NCT OF DELHI","82.000000",8505,4518,3987,163,83,80,8342,4435,3907
"NCT OF DELHI","83.000000",6205,3402,2803,113,57,56,6092,3345,2747
"NCT OF DELHI","84.000000",5603,3041,2562,80,54,26,5523,2987,2536
"NCT OF DELHI","85.000000",12145,5370,6775,398,199,199,11747,5171,6576
"NCT OF DELHI","86.000000",5738,2813,2925,134,73,61,5604,2740,2864
"NCT OF DELHI","87.000000",3299,1901,1398,61,37,24,3238,1864,1374
"NCT OF DELHI","88.000000",2795,1536,1259,60,35,25,2735,1501,1234
"NCT OF DELHI","89.000000",2038,1130,908,38,22,16,2000,1108,892
"NCT OF DELHI","90.000000",6190,2567,3623,230,107,123,5960,2460,3500
"NCT OF DELHI","91.000000",2954,1406,1548,77,38,39,2877,1368,1509
"NCT OF DELHI","92.000000",2048,1059,989,55,32,23,1993,1027,966
"NCT OF DELHI","93.000000",1311,714,597,37,22,15,1274,692,582
"NCT OF DELHI","94.000000",1269,629,640,38,13,25,1231,616,615
"NCT OF DELHI","95.000000",2336,1134,1202,82,43,39,2254,1091,1163
"NCT OF DELHI","96.000000",1509,757,752,54,28,26,1455,729,726
"NCT OF DELHI","97.000000",907,487,420,23,12,11,884,475,409
"NCT OF DELHI","98.000000",985,521,464,30,19,11,955,502,453
"NCT OF DELHI","99.000000",541,249,292,23,10,13,518,239,279
"NCT OF DELHI","100+",3938,1848,2090,104,54,50,3834,1794,2040
"NCT OF DELHI","Age not stated",16702,9175,7527,517,281,236,16185,8894,7291
"ODISHA","All ages",41974218,21212136,20762082,34970562,17586203,17384359,7003656,3625933,3377723
"ODISHA","0.000000",670909,345960,324949,575704,296513,279191,95205,49447,45758
"ODISHA","1.000000",769827,399084,370743,653406,338153,315253,116421,60931,55490
"ODISHA","2.000000",707887,363209,344678,609222,311665,297557,98665,51544,47121
"ODISHA","3.000000",750616,381316,369300,647529,327951,319578,103087,53365,49722
"ODISHA","4.000000",753790,388558,365232,650308,334284,316024,103482,54274,49208
"ODISHA","5.000000",828111,429353,398758,711530,368153,343377,116581,61200,55381
"ODISHA","6.000000",792054,409017,383037,678171,349113,329058,113883,59904,53979
"ODISHA","7.000000",828124,419291,408833,707591,356969,350622,120533,62322,58211
"ODISHA","8.000000",850364,433510,416854,731656,371645,360011,118708,61865,56843
"ODISHA","9.000000",776115,394168,381947,665994,336636,329358,110121,57532,52589
"ODISHA","10.000000",913606,468214,445392,782284,399530,382754,131322,68684,62638
"ODISHA","11.000000",839933,428712,411221,715742,364263,351479,124191,64449,59742
"ODISHA","12.000000",916799,467103,449696,783706,398499,385207,133093,68604,64489
"ODISHA","13.000000",839473,420237,419236,713333,356242,357091,126140,63995,62145
"ODISHA","14.000000",838814,419269,419545,710331,354009,356322,128483,65260,63223
"ODISHA","15.000000",869586,436883,432703,732658,366479,366179,136928,70404,66524
"ODISHA","16.000000",775052,388035,387017,644802,320852,323950,130250,67183,63067
"ODISHA","17.000000",692046,346739,345307,566815,281802,285013,125231,64937,60294
"ODISHA","18.000000",906416,460498,445918,746384,375829,370555,160032,84669,75363
"ODISHA","19.000000",682298,340529,341769,549512,272027,277485,132786,68502,64284
"ODISHA","20.000000",978031,470195,507836,807728,385238,422490,170303,84957,85346
"ODISHA","21.000000",676995,338625,338370,544698,271516,273182,132297,67109,65188
"ODISHA","22.000000",801401,403387,398014,653946,328127,325819,147455,75260,72195
"ODISHA","23.000000",669413,331531,337882,542659,266780,275879,126754,64751,62003
"ODISHA","24.000000",657687,327201,330486,529816,262002,267814,127871,65199,62672
"ODISHA","25.000000",996710,471972,524738,826671,390377,436294,170039,81595,88444
"ODISHA","26.000000",703464,352927,350537,573553,287802,285751,129911,65125,64786
"ODISHA","27.000000",610902,310830,300072,494764,252445,242319,116138,58385,57753
"ODISHA","28.000000",762125,381733,380392,624349,311982,312367,137776,69751,68025
"ODISHA","29.000000",500836,255414,245422,399653,203778,195875,101183,51636,49547
"ODISHA","30.000000",1056492,504205,552287,873764,414805,458959,182728,89400,93328
"ODISHA","31.000000",487817,247063,240754,389955,197045,192910,97862,50018,47844
"ODISHA","32.000000",605079,302942,302137,490100,244089,246011,114979,58853,56126
"ODISHA","33.000000",457133,231376,225757,368742,185872,182870,88391,45504,42887
"ODISHA","34.000000",496470,256647,239823,397628,205392,192236,98842,51255,47587
"ODISHA","35.000000",1023976,502684,521292,844756,414515,430241,179220,88169,91051
"ODISHA","36.000000",583520,294474,289046,479010,241442,237568,104510,53032,51478
"ODISHA","37.000000",425817,216369,209448,340434,172609,167825,85383,43760,41623
"ODISHA","38.000000",601446,298289,303157,491751,242310,249441,109695,55979,53716
"ODISHA","39.000000",416429,216869,199560,331440,171716,159724,84989,45153,39836
"ODISHA","40.000000",1018408,505346,513062,847321,418295,429026,171087,87051,84036
"ODISHA","41.000000",457342,242420,214922,371358,196223,175135,85984,46197,39787
"ODISHA","42.000000",505738,268307,237431,410743,216755,193988,94995,51552,43443
"ODISHA","43.000000",347450,181339,166111,277713,144041,133672,69737,37298,32439
"ODISHA","44.000000",362536,190508,172028,289178,151070,138108,73358,39438,33920
"ODISHA","45.000000",866482,437220,429262,719471,361769,357702,147011,75451,71560
"ODISHA","46.000000",443599,233358,210241,363332,190363,172969,80267,42995,37272
"ODISHA","47.000000",310696,164935,145761,247684,130263,117421,63012,34672,28340
"ODISHA","48.000000",430826,225442,205384,351120,181866,169254,79706,43576,36130
"ODISHA","49.000000",282427,151411,131016,223992,118476,105516,58435,32935,25500
"ODISHA","50.000000",784920,388647,396273,656535,323596,332939,128385,65051,63334
"ODISHA","51.000000",320576,173338,147238,262447,140294,122153,58129,33044,25085
"ODISHA","52.000000",307743,166334,141409,250453,133846,116607,57290,32488,24802
"ODISHA","53.000000",204224,109710,94514,162602,85332,77270,41622,24378,17244
"ODISHA","54.000000",230349,119495,110854,184025,93461,90564,46324,26034,20290
"ODISHA","55.000000",585492,277931,307561,494312,231736,262576,91180,46195,44985
"ODISHA","56.000000",290454,151823,138631,241982,123881,118101,48472,27942,20530
"ODISHA","57.000000",182426,96710,85716,147809,76101,71708,34617,20609,14008
"ODISHA","58.000000",244495,123835,120660,203544,100443,103101,40951,23392,17559
"ODISHA","59.000000",180853,93992,86861,147983,75250,72733,32870,18742,14128
"ODISHA","60.000000",668928,314904,354024,579147,272098,307049,89781,42806,46975
"ODISHA","61.000000",259961,133010,126951,225087,114198,110889,34874,18812,16062
"ODISHA","62.000000",250283,132177,118106,216761,113588,103173,33522,18589,14933
"ODISHA","63.000000",145395,79149,66246,122150,65439,56711,23245,13710,9535
"ODISHA","64.000000",149494,78395,71099,126299,65369,60930,23195,13026,10169
"ODISHA","65.000000",471553,222967,248586,415207,196368,218839,56346,26599,29747
"ODISHA","66.000000",180654,92898,87756,158121,80815,77306,22533,12083,10450
"ODISHA","67.000000",100529,54942,45587,85494,46062,39432,15035,8880,6155
"ODISHA","68.000000",127510,66099,61411,109162,55693,53469,18348,10406,7942
"ODISHA","69.000000",99279,50943,48336,83686,42341,41345,15593,8602,6991
"ODISHA","70.000000",425210,200417,224793,373162,176361,196801,52048,24056,27992
"ODISHA","71.000000",129231,64878,64353,112549,56082,56467,16682,8796,7886
"ODISHA","72.000000",102291,54730,47561,87947,46866,41081,14344,7864,6480
"ODISHA","73.000000",53272,29753,23519,44583,24525,20058,8689,5228,3461
"ODISHA","74.000000",58066,30857,27209,48278,25431,22847,9788,5426,4362
"ODISHA","75.000000",184523,87822,96701,160600,76780,83820,23923,11042,12881
"ODISHA","76.000000",70813,36424,34389,61276,31389,29887,9537,5035,4502
"ODISHA","77.000000",35533,19652,15881,29953,16351,13602,5580,3301,2279
"ODISHA","78.000000",41127,22078,19049,34778,18571,16207,6349,3507,2842
"ODISHA","79.000000",32804,17318,15486,27470,14461,13009,5334,2857,2477
"ODISHA","80.000000",141427,69255,72172,122907,60944,61963,18520,8311,10209
"ODISHA","81.000000",41267,21294,19973,35671,18363,17308,5596,2931,2665
"ODISHA","82.000000",25662,14518,11144,21533,12240,9293,4129,2278,1851
"ODISHA","83.000000",13678,8104,5574,11108,6567,4541,2570,1537,1033
"ODISHA","84.000000",14779,8458,6321,11997,6970,5027,2782,1488,1294
"ODISHA","85.000000",43142,22656,20486,36809,19582,17227,6333,3074,3259
"ODISHA","86.000000",15954,8677,7277,13422,7348,6074,2532,1329,1203
"ODISHA","87.000000",7998,4658,3340,6487,3843,2644,1511,815,696
"ODISHA","88.000000",7728,4363,3365,6286,3590,2696,1442,773,669
"ODISHA","89.000000",6630,3463,3167,5375,2825,2550,1255,638,617
"ODISHA","90.000000",26921,12830,14091,23069,11176,11893,3852,1654,2198
"ODISHA","91.000000",7554,3737,3817,6321,3155,3166,1233,582,651
"ODISHA","92.000000",4852,2588,2264,3953,2133,1820,899,455,444
"ODISHA","93.000000",2751,1492,1259,2149,1185,964,602,307,295
"ODISHA","94.000000",2998,1587,1411,2414,1305,1109,584,282,302
"ODISHA","95.000000",7956,3878,4078,6685,3275,3410,1271,603,668
"ODISHA","96.000000",3368,1776,1592,2757,1478,1279,611,298,313
"ODISHA","97.000000",2187,1179,1008,1768,971,797,419,208,211
"ODISHA","98.000000",3067,1562,1505,2557,1314,1243,510,248,262
"ODISHA","99.000000",1784,861,923,1518,750,768,266,111,155
"ODISHA","100+",16289,7921,8368,13157,6414,6743,3132,1507,1625
"ODISHA","Age not stated",119171,61347,57824,95210,48470,46740,23961,12877,11084
"PUDUCHERRY","All ages",1247953,612511,635442,395200,194907,200293,852753,417604,435149
"PUDUCHERRY","0.000000",17989,9089,8900,6129,3155,2974,11860,5934,5926
"PUDUCHERRY","1.000000",20261,10316,9945,6707,3402,3305,13554,6914,6640
"PUDUCHERRY","2.000000",18626,9577,9049,6221,3200,3021,12405,6377,6028
"PUDUCHERRY","3.000000",18608,9454,9154,6256,3194,3062,12352,6260,6092
"PUDUCHERRY","4.000000",18465,9267,9198,6213,3159,3054,12252,6108,6144
"PUDUCHERRY","5.000000",19043,9612,9431,6308,3235,3073,12735,6377,6358
"PUDUCHERRY","6.000000",19866,10212,9654,6680,3453,3227,13186,6759,6427
"PUDUCHERRY","7.000000",20124,10237,9887,6703,3342,3361,13421,6895,6526
"PUDUCHERRY","8.000000",19561,9990,9571,6536,3348,3188,13025,6642,6383
"PUDUCHERRY","9.000000",20123,10276,9847,6741,3432,3309,13382,6844,6538
"PUDUCHERRY","10.000000",22468,11433,11035,7480,3743,3737,14988,7690,7298
"PUDUCHERRY","11.000000",21640,11050,10590,7251,3716,3535,14389,7334,7055
"PUDUCHERRY","12.000000",20235,10292,9943,6780,3446,3334,13455,6846,6609
"PUDUCHERRY","13.000000",20836,10681,10155,7042,3574,3468,13794,7107,6687
"PUDUCHERRY","14.000000",20547,10480,10067,6798,3493,3305,13749,6987,6762
"PUDUCHERRY","15.000000",20942,10812,10130,6931,3520,3411,14011,7292,6719
"PUDUCHERRY","16.000000",19439,9985,9454,6392,3277,3115,13047,6708,6339
"PUDUCHERRY","17.000000",19528,10113,9415,6379,3343,3036,13149,6770,6379
"PUDUCHERRY","18.000000",21267,10731,10536,7177,3623,3554,14090,7108,6982
"PUDUCHERRY","19.000000",21140,10590,10550,7140,3631,3509,14000,6959,7041
"PUDUCHERRY","20.000000",23050,11220,11830,7872,3822,4050,15178,7398,7780
"PUDUCHERRY","21.000000",21610,10320,11290,7211,3483,3728,14399,6837,7562
"PUDUCHERRY","22.000000",21386,10024,11362,7091,3303,3788,14295,6721,7574
"PUDUCHERRY","23.000000",21488,9933,11555,7074,3289,3785,14414,6644,7770
"PUDUCHERRY","24.000000",21285,9790,11495,7024,3258,3766,14261,6532,7729
"PUDUCHERRY","25.000000",24186,10860,13326,8136,3679,4457,16050,7181,8869
"PUDUCHERRY","26.000000",23571,10843,12728,7966,3710,4256,15605,7133,8472
"PUDUCHERRY","27.000000",23845,11233,12612,7822,3793,4029,16023,7440,8583
"PUDUCHERRY","28.000000",24151,11377,12774,7784,3796,3988,16367,7581,8786
"PUDUCHERRY","29.000000",22491,10739,11752,7132,3464,3668,15359,7275,8084
"PUDUCHERRY","30.000000",27035,12657,14378,8578,4109,4469,18457,8548,9909
"PUDUCHERRY","31.000000",22053,10753,11300,6822,3356,3466,15231,7397,7834
"PUDUCHERRY","32.000000",21137,10108,11029,6383,3093,3290,14754,7015,7739
"PUDUCHERRY","33.000000",20159,10008,10151,6105,3112,2993,14054,6896,7158
"PUDUCHERRY","34.000000",20686,10235,10451,6226,3198,3028,14460,7037,7423
"PUDUCHERRY","35.000000",26248,12524,13724,8677,4032,4645,17571,8492,9079
"PUDUCHERRY","36.000000",21257,10383,10874,6532,3243,3289,14725,7140,7585
"PUDUCHERRY","37.000000",19773,9793,9980,5962,2932,3030,13811,6861,6950
"PUDUCHERRY","38.000000",21845,10646,11199,6443,3213,3230,15402,7433,7969
"PUDUCHERRY","39.000000",18336,9309,9027,5332,2770,2562,13004,6539,6465
"PUDUCHERRY","40.000000",24041,11587,12454,7941,3741,4200,16100,7846,8254
"PUDUCHERRY","41.000000",17985,9320,8665,5198,2733,2465,12787,6587,6200
"PUDUCHERRY","42.000000",17429,8834,8595,4906,2446,2460,12523,6388,6135
"PUDUCHERRY","43.000000",15289,7851,7438,4101,2144,1957,11188,5707,5481
"PUDUCHERRY","44.000000",15035,7890,7145,4071,2298,1773,10964,5592,5372
"PUDUCHERRY","45.000000",22171,10566,11605,7436,3380,4056,14735,7186,7549
"PUDUCHERRY","46.000000",15790,8120,7670,4654,2404,2250,11136,5716,5420
"PUDUCHERRY","47.000000",14128,7468,6660,3997,2201,1796,10131,5267,4864
"PUDUCHERRY","48.000000",15203,7956,7247,4298,2331,1967,10905,5625,5280
"PUDUCHERRY","49.000000",12013,6515,5498,3443,1902,1541,8570,4613,3957
"PUDUCHERRY","50.000000",18945,8784,10161,6394,2824,3570,12551,5960,6591
"PUDUCHERRY","51.000000",11995,6372,5623,3370,1826,1544,8625,4546,4079
"PUDUCHERRY","52.000000",10663,5596,5067,2805,1516,1289,7858,4080,3778
"PUDUCHERRY","53.000000",9644,5074,4570,2383,1343,1040,7261,3731,3530
"PUDUCHERRY","54.000000",9676,5032,4644,2510,1305,1205,7166,3727,3439
"PUDUCHERRY","55.000000",15776,6926,8850,5531,2325,3206,10245,4601,5644
"PUDUCHERRY","56.000000",10009,5002,5007,3018,1488,1530,6991,3514,3477
"PUDUCHERRY","57.000000",7933,4166,3767,2019,1067,952,5914,3099,2815
"PUDUCHERRY","58.000000",9198,4731,4467,2309,1218,1091,6889,3513,3376
"PUDUCHERRY","59.000000",7193,3790,3403,1834,984,850,5359,2806,2553
"PUDUCHERRY","60.000000",16356,6736,9620,5941,2347,3594,10415,4389,6026
"PUDUCHERRY","61.000000",8286,4023,4263,2512,1190,1322,5774,2833,2941
"PUDUCHERRY","62.000000",7082,3464,3618,1785,903,882,5297,2561,2736
"PUDUCHERRY","63.000000",6463,3384,3079,1512,837,675,4951,2547,2404
"PUDUCHERRY","64.000000",5641,2891,2750,1411,748,663,4230,2143,2087
"PUDUCHERRY","65.000000",11384,4299,7085,4184,1592,2592,7200,2707,4493
"PUDUCHERRY","66.000000",5150,2287,2863,1639,722,917,3511,1565,1946
"PUDUCHERRY","67.000000",3883,1886,1997,971,465,506,2912,1421,1491
"PUDUCHERRY","68.000000",4215,2051,2164,1069,540,529,3146,1511,1635
"PUDUCHERRY","69.000000",3351,1631,1720,870,432,438,2481,1199,1282
"PUDUCHERRY","70.000000",10381,3944,6437,3788,1497,2291,6593,2447,4146
"PUDUCHERRY","71.000000",4184,1897,2287,1356,587,769,2828,1310,1518
"PUDUCHERRY","72.000000",3118,1569,1549,719,390,329,2399,1179,1220
"PUDUCHERRY","73.000000",2432,1279,1153,547,325,222,1885,954,931
"PUDUCHERRY","74.000000",2406,1172,1234,583,305,278,1823,867,956
"PUDUCHERRY","75.000000",5850,2303,3547,1888,804,1084,3962,1499,2463
"PUDUCHERRY","76.000000",2610,1113,1497,759,310,449,1851,803,1048
"PUDUCHERRY","77.000000",1539,750,789,341,187,154,1198,563,635
"PUDUCHERRY","78.000000",1588,759,829,335,166,169,1253,593,660
"PUDUCHERRY","79.000000",1202,569,633,281,138,143,921,431,490
"PUDUCHERRY","80.000000",4094,1425,2669,1422,546,876,2672,879,1793
"PUDUCHERRY","81.000000",1524,629,895,501,214,287,1023,415,608
"PUDUCHERRY","82.000000",915,434,481,184,96,88,731,338,393
"PUDUCHERRY","83.000000",750,367,383,143,81,62,607,286,321
"PUDUCHERRY","84.000000",655,296,359,143,72,71,512,224,288
"PUDUCHERRY","85.000000",1575,574,1001,468,198,270,1107,376,731
"PUDUCHERRY","86.000000",739,316,423,203,108,95,536,208,328
"PUDUCHERRY","87.000000",447,223,224,91,62,29,356,161,195
"PUDUCHERRY","88.000000",352,168,184,77,45,32,275,123,152
"PUDUCHERRY","89.000000",270,135,135,63,32,31,207,103,104
"PUDUCHERRY","90.000000",709,265,444,250,99,151,459,166,293
"PUDUCHERRY","91.000000",267,117,150,105,48,57,162,69,93
"PUDUCHERRY","92.000000",172,89,83,48,27,21,124,62,62
"PUDUCHERRY","93.000000",129,53,76,29,15,14,100,38,62
"PUDUCHERRY","94.000000",108,53,55,34,17,17,74,36,38
"PUDUCHERRY","95.000000",191,73,118,57,23,34,134,50,84
"PUDUCHERRY","96.000000",96,47,49,26,10,16,70,37,33
"PUDUCHERRY","97.000000",66,33,33,19,6,13,47,27,20
"PUDUCHERRY","98.000000",59,30,29,13,8,5,46,22,24
"PUDUCHERRY","99.000000",25,10,15,7,3,4,18,7,11
"PUDUCHERRY","100+",172,75,97,74,37,37,98,38,60
"PUDUCHERRY","Age not stated",1101,560,541,498,258,240,603,302,301
"PUNJAB","All ages",27743338,14639465,13103873,17344192,9093476,8250716,10399146,5545989,4853157
"PUNJAB","0.000000",419950,226929,193021,270157,146275,123882,149793,80654,69139
"PUNJAB","1.000000",424623,229359,195264,268050,145082,122968,156573,84277,72296
"PUNJAB","2.000000",418369,224550,193819,264941,142632,122309,153428,81918,71510
"PUNJAB","3.000000",433177,232219,200958,272831,146712,126119,160346,85507,74839
"PUNJAB","4.000000",437410,236899,200511,275390,149283,126107,162020,87616,74404
"PUNJAB","5.000000",478770,262314,216456,301210,165068,136142,177560,97246,80314
"PUNJAB","6.000000",463920,253724,210196,292923,160245,132678,170997,93479,77518
"PUNJAB","7.000000",483280,262427,220853,308113,167169,140944,175167,95258,79909
"PUNJAB","8.000000",479447,263834,215613,307651,169036,138615,171796,94798,76998
"PUNJAB","9.000000",462602,259383,203219,297125,166387,130738,165477,92996,72481
"PUNJAB","10.000000",537024,303757,233267,341230,192450,148780,195794,111307,84487
"PUNJAB","11.000000",488177,274903,213274,313362,176351,137011,174815,98552,76263
"PUNJAB","12.000000",516955,289167,227788,335091,187214,147877,181864,101953,79911
"PUNJAB","13.000000",510841,283488,227353,332939,183924,149015,177902,99564,78338
"PUNJAB","14.000000",530405,294215,236190,346206,191427,154779,184199,102788,81411
"PUNJAB","15.000000",555725,309954,245771,361212,200124,161088,194513,109830,84683
"PUNJAB","16.000000",562167,311992,250175,367557,202731,164826,194610,109261,85349
"PUNJAB","17.000000",536919,299464,237455,347961,192977,154984,188958,106487,82471
"PUNJAB","18.000000",631613,355581,276032,404442,225644,178798,227171,129937,97234
"PUNJAB","19.000000",531259,293189,238070,333255,182355,150900,198004,110834,87170
"PUNJAB","20.000000",646561,351177,295384,408611,219330,189281,237950,131847,106103
"PUNJAB","21.000000",523412,280599,242813,321339,169752,151587,202073,110847,91226
"PUNJAB","22.000000",579848,308178,271670,358999,188882,170117,220849,119296,101553
"PUNJAB","23.000000",509328,261379,247949,307680,155336,152344,201648,106043,95605
"PUNJAB","24.000000",517487,264198,253289,310204,155439,154765,207283,108759,98524
"PUNJAB","25.000000",594548,312371,282177,357033,186353,170680,237515,126018,111497
"PUNJAB","26.000000",518816,268889,249927,304999,155373,149626,213817,113516,100301
"PUNJAB","27.000000",434432,226483,207949,251482,128930,122552,182950,97553,85397
"PUNJAB","28.000000",537176,267452,269724,324109,157436,166673,213067,110016,103051
"PUNJAB","29.000000",378889,195210,183679,217833,110104,107729,161056,85106,75950
"PUNJAB","30.000000",641634,337776,303858,393828,206244,187584,247806,131532,116274
"PUNJAB","31.000000",356111,185695,170416,201574,103450,98124,154537,82245,72292
"PUNJAB","32.000000",432768,218956,213812,262111,130458,131653,170657,88498,82159
"PUNJAB","33.000000",329600,161373,168227,196492,93383,103109,133108,67990,65118
"PUNJAB","34.000000",356426,178733,177693,209501,102733,106768,146925,76000,70925
"PUNJAB","35.000000",604725,329430,275295,372882,203520,169362,231843,125910,105933
"PUNJAB","36.000000",377695,194107,183588,223276,113624,109652,154419,80483,73936
"PUNJAB","37.000000",293692,148252,145440,172115,85793,86322,121577,62459,59118
"PUNJAB","38.000000",419611,191162,228449,262437,116038,146399,157174,75124,82050
"PUNJAB","39.000000",293348,147911,145437,172132,85274,86858,121216,62637,58579
"PUNJAB","40.000000",625910,335462,290448,400822,215071,185751,225088,120391,104697
"PUNJAB","41.000000",291217,152157,139060,168700,87653,81047,122517,64504,58013
"PUNJAB","42.000000",352362,175501,176861,217381,106993,110388,134981,68508,66473
"PUNJAB","43.000000",263782,120446,143336,162303,71841,90462,101479,48605,52874
"PUNJAB","44.000000",255198,125642,129556,153438,74348,79090,101760,51294,50466
"PUNJAB","45.000000",573896,311780,262116,361847,198354,163493,212049,113426,98623
"PUNJAB","46.000000",290871,151309,139562,170780,88672,82108,120091,62637,57454
"PUNJAB","47.000000",216753,111336,105417,127447,65216,62231,89306,46120,43186
"PUNJAB","48.000000",306139,140553,165586,188865,84187,104678,117274,56366,60908
"PUNJAB","49.000000",200112,103157,96955,116003,59154,56849,84109,44003,40106
"PUNJAB","50.000000",511972,277467,234505,327502,179974,147528,184470,97493,86977
"PUNJAB","51.000000",204000,111390,92610,115226,63641,51585,88774,47749,41025
"PUNJAB","52.000000",209925,109384,100541,122251,63405,58846,87674,45979,41695
"PUNJAB","53.000000",161156,80432,80724,91252,44052,47200,69904,36380,33524
"PUNJAB","54.000000",167411,84991,82420,93626,46791,46835,73785,38200,35585
"PUNJAB","55.000000",350969,182554,168415,218108,114148,103960,132861,68406,64455
"PUNJAB","56.000000",184970,100356,84614,104512,56713,47799,80458,43643,36815
"PUNJAB","57.000000",121770,64252,57518,68055,35300,32755,53715,28952,24763
"PUNJAB","58.000000",176178,77418,98760,107588,43846,63742,68590,33572,35018
"PUNJAB","59.000000",122668,61265,61403,70883,33789,37094,51785,27476,24309
"PUNJAB","60.000000",411681,200799,210882,279210,135747,143463,132471,65052,67419
"PUNJAB","61.000000",154524,76438,78086,93965,44942,49023,60559,31496,29063
"PUNJAB","62.000000",166385,78233,88152,111906,50456,61450,54479,27777,26702
"PUNJAB","63.000000",140619,65962,74657,90568,40352,50216,50051,25610,24441
"PUNJAB","64.000000",123381,61051,62330,79080,38328,40752,44301,22723,21578
"PUNJAB","65.000000",335024,171712,163312,237908,124166,113742,97116,47546,49570
"PUNJAB","66.000000",127308,68940,58368,84949,46543,38406,42359,22397,19962
"PUNJAB","67.000000",75649,42908,32741,49505,28019,21486,26144,14889,11255
"PUNJAB","68.000000",108458,50885,57573,75463,34042,41421,32995,16843,16152
"PUNJAB","69.000000",73149,38361,34788,48286,25054,23232,24863,13307,11556
"PUNJAB","70.000000",287428,151263,136165,209391,112996,96395,78037,38267,39770
"PUNJAB","71.000000",83464,44859,38605,54746,29895,24851,28718,14964,13754
"PUNJAB","72.000000",59922,32307,27615,39449,21153,18296,20473,11154,9319
"PUNJAB","73.000000",41327,21602,19725,26461,13408,13053,14866,8194,6672
"PUNJAB","74.000000",41331,22089,19242,26070,13669,12401,15261,8420,6841
"PUNJAB","75.000000",130215,65469,64746,92361,47450,44911,37854,18019,19835
"PUNJAB","76.000000",45358,23760,21598,29594,15596,13998,15764,8164,7600
"PUNJAB","77.000000",21980,12086,9894,13728,7308,6420,8252,4778,3474
"PUNJAB","78.000000",32546,15365,17181,22182,9898,12284,10364,5467,4897
"PUNJAB","79.000000",26567,13523,13044,18107,9112,8995,8460,4411,4049
"PUNJAB","80.000000",126592,61519,65073,95394,47386,48008,31198,14133,17065
"PUNJAB","81.000000",34526,17380,17146,23957,12157,11800,10569,5223,5346
"PUNJAB","82.000000",18956,10109,8847,12836,6778,6058,6120,3331,2789
"PUNJAB","83.000000",12713,6632,6081,8371,4224,4147,4342,2408,1934
"PUNJAB","84.000000",13548,6983,6565,9041,4605,4436,4507,2378,2129
"PUNJAB","85.000000",46084,22324,23760,33554,16625,16929,12530,5699,6831
"PUNJAB","86.000000",14830,7615,7215,10010,5159,4851,4820,2456,2364
"PUNJAB","87.000000",6286,3415,2871,4063,2173,1890,2223,1242,981
"PUNJAB","88.000000",7205,3544,3661,4927,2354,2573,2278,1190,1088
"PUNJAB","89.000000",6826,3382,3444,4785,2368,2417,2041,1014,1027
"PUNJAB","90.000000",33835,15730,18105,26156,12414,13742,7679,3316,4363
"PUNJAB","91.000000",9228,4361,4867,6548,3150,3398,2680,1211,1469
"PUNJAB","92.000000",4039,2087,1952,2788,1433,1355,1251,654,597
"PUNJAB","93.000000",2681,1435,1246,1839,973,866,842,462,380
"PUNJAB","94.000000",3091,1567,1524,2102,1068,1034,989,499,490
"PUNJAB","95.000000",9040,4292,4748,6883,3299,3584,2157,993,1164
"PUNJAB","96.000000",3787,1870,1917,2710,1364,1346,1077,506,571
"PUNJAB","97.000000",1907,953,954,1346,659,687,561,294,267
"PUNJAB","98.000000",2986,1380,1606,2238,1041,1197,748,339,409
"PUNJAB","99.000000",2300,933,1367,1768,716,1052,532,217,315
"PUNJAB","100+",19041,8539,10502,13465,5877,7588,5576,2662,2914
"PUNJAB","Age not stated",41522,22272,19250,29610,15833,13777,11912,6439,5473
"RAJASTHAN","All ages",68548437,35550997,32997440,51500352,26641747,24858605,17048085,8909250,8138835
"RAJASTHAN","0.000000",1357306,722108,635198,1080281,574024,506257,277025,148084,128941
"RAJASTHAN","1.000000",1369950,733983,635967,1071859,573923,497936,298091,160060,138031
"RAJASTHAN","2.000000",1547358,817121,730237,1230353,649630,580723,317005,167491,149514
"RAJASTHAN","3.000000",1528130,796994,731136,1205749,628019,577730,322381,168975,153406
"RAJASTHAN","4.000000",1499426,788368,711058,1182682,620134,562548,316744,168234,148510
"RAJASTHAN","5.000000",1706688,915046,791642,1345995,718634,627361,360693,196412,164281
"RAJASTHAN","6.000000",1640646,865556,775090,1297964,682235,615729,342682,183321,159361
"RAJASTHAN","7.000000",1523671,802370,721301,1188113,624090,564023,335558,178280,157278
"RAJASTHAN","8.000000",1767805,932409,835396,1401479,736168,665311,366326,196241,170085
"RAJASTHAN","9.000000",1403928,743492,660436,1092828,575854,516974,311100,167638,143462
"RAJASTHAN","10.000000",1973335,1046140,927195,1555926,820171,735755,417409,225969,191440
"RAJASTHAN","11.000000",1520709,809002,711707,1181835,627418,554417,338874,181584,157290
"RAJASTHAN","12.000000",1799936,955169,844767,1414659,748140,666519,385277,207029,178248
"RAJASTHAN","13.000000",1523295,795839,727456,1176802,614099,562703,346493,181740,164753
"RAJASTHAN","14.000000",1563243,824546,738697,1207967,636904,571063,355276,187642,167634
"RAJASTHAN","15.000000",1619644,867769,751875,1241255,664544,576711,378389,203225,175164
"RAJASTHAN","16.000000",1555943,831610,724333,1190644,636615,554029,365299,194995,170304
"RAJASTHAN","17.000000",1235765,666499,569266,909561,490892,418669,326204,175607,150597
"RAJASTHAN","18.000000",1757598,931689,825909,1326719,700636,626083,430879,231053,199826
"RAJASTHAN","19.000000",1145067,592307,552760,828756,425396,403360,316311,166911,149400
"RAJASTHAN","20.000000",1791141,934787,856354,1348408,707304,641104,442733,227483,215250
"RAJASTHAN","21.000000",1114169,607832,506337,793165,436891,356274,321004,170941,150063
"RAJASTHAN","22.000000",1385403,756582,628821,1017575,563101,454474,367828,193481,174347
"RAJASTHAN","23.000000",1074210,536706,537504,770791,381964,388827,303419,154742,148677
"RAJASTHAN","24.000000",1061571,541576,519995,752822,382414,370408,308749,159162,149587
"RAJASTHAN","25.000000",1564127,862408,701719,1146780,647714,499066,417347,214694,202653
"RAJASTHAN","26.000000",1039906,546662,493244,734259,386514,347745,305647,160148,145499
"RAJASTHAN","27.000000",829737,433504,396233,575295,299645,275650,254442,133859,120583
"RAJASTHAN","28.000000",1259430,590952,668478,929389,426949,502440,330041,164003,166038
"RAJASTHAN","29.000000",655297,329533,325764,446970,221031,225939,208327,108502,99825
"RAJASTHAN","30.000000",1713925,917649,796276,1266318,688769,577549,447607,228880,218727
"RAJASTHAN","31.000000",630922,333572,297350,429613,227464,202149,201309,106108,95201
"RAJASTHAN","32.000000",994181,495337,498844,725643,359288,366355,268538,136049,132489
"RAJASTHAN","33.000000",697686,308887,388799,506966,214681,292285,190720,94206,96514
"RAJASTHAN","34.000000",685969,329124,356845,484277,225909,258368,201692,103215,98477
"RAJASTHAN","35.000000",1498081,846216,651865,1087057,627559,459498,411024,218657,192367
"RAJASTHAN","36.000000",775195,398621,376574,555400,285372,270028,219795,113249,106546
"RAJASTHAN","37.000000",557122,273234,283888,390737,188955,201782,166385,84279,82106
"RAJASTHAN","38.000000",1005675,438341,567334,753780,319275,434505,251895,119066,132829
"RAJASTHAN","39.000000",498491,245378,253113,343421,164673,178748,155070,80705,74365
"RAJASTHAN","40.000000",1542695,848707,693988,1145417,639292,506125,397278,209415,187863
"RAJASTHAN","41.000000",499225,268010,231215,339455,182468,156987,159770,85542,74228
"RAJASTHAN","42.000000",745048,377358,367690,545635,274119,271516,199413,103239,96174
"RAJASTHAN","43.000000",500002,215195,284807,361508,147303,214205,138494,67892,70602
"RAJASTHAN","44.000000",448385,217646,230739,312786,147412,165374,135599,70234,65365
"RAJASTHAN","45.000000",1258366,704064,554302,920327,525170,395157,338039,178894,159145
"RAJASTHAN","46.000000",512148,264988,247160,358113,184170,173943,154035,80818,73217
"RAJASTHAN","47.000000",379713,185132,194581,263003,123998,139005,116710,61134,55576
"RAJASTHAN","48.000000",670726,289959,380767,503585,208329,295256,167141,81630,85511
"RAJASTHAN","49.000000",324451,164369,160082,220643,108401,112242,103808,55968,47840
"RAJASTHAN","50.000000",1192020,665163,526857,898310,510081,388229,293710,155082,138628
"RAJASTHAN","51.000000",340225,191211,149014,230003,129612,100391,110222,61599,48623
"RAJASTHAN","52.000000",422944,220700,202244,305609,156836,148773,117335,63864,53471
"RAJASTHAN","53.000000",288568,131411,157157,201650,84442,117208,86918,46969,39949
"RAJASTHAN","54.000000",273051,136522,136529,182057,87123,94934,90994,49399,41595
"RAJASTHAN","55.000000",818593,430930,387663,613274,327762,285512,205319,103168,102151
"RAJASTHAN","56.000000",311133,161476,149657,216783,110692,106091,94350,50784,43566
"RAJASTHAN","57.000000",207009,99048,107961,142026,63530,78496,64983,35518,29465
"RAJASTHAN","58.000000",365938,148269,217669,278224,104148,174076,87714,44121,43593
"RAJASTHAN","59.000000",194776,96143,98633,133572,62537,71035,61204,33606,27598
"RAJASTHAN","60.000000",914904,466184,448720,718027,370975,347052,196877,95209,101668
"RAJASTHAN","61.000000",239423,125354,114069,172054,89417,82637,67369,35937,31432
"RAJASTHAN","62.000000",275959,135939,140020,209179,100864,108315,66780,35075,31705
"RAJASTHAN","63.000000",183653,81999,101654,133070,54657,78413,50583,27342,23241
"RAJASTHAN","64.000000",156200,74548,81652,110999,50359,60640,45201,24189,21012
"RAJASTHAN","65.000000",650736,311363,339373,512680,248178,264502,138056,63185,74871
"RAJASTHAN","66.000000",194217,96121,98096,145339,71186,74153,48878,24935,23943
"RAJASTHAN","67.000000",115532,56665,58867,84282,39577,44705,31250,17088,14162
"RAJASTHAN","68.000000",194095,76147,117948,152230,55814,96416,41865,20333,21532
"RAJASTHAN","69.000000",105796,49175,56621,76789,34121,42668,29007,15054,13953
"RAJASTHAN","70.000000",624121,298081,326040,504067,244032,260035,120054,54049,66005
"RAJASTHAN","71.000000",139666,68825,70841,105019,51236,53783,34647,17589,17058
"RAJASTHAN","72.000000",124555,61887,62668,95351,46416,48935,29204,15471,13733
"RAJASTHAN","73.000000",66610,31182,35428,47981,20951,27030,18629,10231,8398
"RAJASTHAN","74.000000",61963,30036,31927,43012,19821,23191,18951,10215,8736
"RAJASTHAN","75.000000",264908,118780,146128,208090,93846,114244,56818,24934,31884
"RAJASTHAN","76.000000",76499,35811,40688,56339,25694,30645,20160,10117,10043
"RAJASTHAN","77.000000",39152,19256,19896,27823,12901,14922,11329,6355,4974
"RAJASTHAN","78.000000",60603,25632,34971,46173,18293,27880,14430,7339,7091
"RAJASTHAN","79.000000",36493,16537,19956,26217,11280,14937,10276,5257,5019
"RAJASTHAN","80.000000",231989,97963,134026,186780,79753,107027,45209,18210,26999
"RAJASTHAN","81.000000",48749,21556,27193,36645,15964,20681,12104,5592,6512
"RAJASTHAN","82.000000",32299,15385,16914,24201,11269,12932,8098,4116,3982
"RAJASTHAN","83.000000",17699,8262,9437,12538,5562,6976,5161,2700,2461
"RAJASTHAN","84.000000",16869,8188,8681,11408,5398,6010,5461,2790,2671
"RAJASTHAN","85.000000",70928,30311,40617,53875,23442,30433,17053,6869,10184
"RAJASTHAN","86.000000",19720,8949,10771,14182,6450,7732,5538,2499,3039
"RAJASTHAN","87.000000",9368,4650,4718,6465,3111,3354,2903,1539,1364
"RAJASTHAN","88.000000",10933,4766,6167,7911,3284,4627,3022,1482,1540
"RAJASTHAN","89.000000",7728,3260,4468,5376,2181,3195,2352,1079,1273
"RAJASTHAN","90.000000",45372,17330,28042,35320,13641,21679,10052,3689,6363
"RAJASTHAN","91.000000",10516,4312,6204,7689,3153,4536,2827,1159,1668
"RAJASTHAN","92.000000",6907,3101,3806,5055,2255,2800,1852,846,1006
"RAJASTHAN","93.000000",4011,1838,2173,2840,1307,1533,1171,531,640
"RAJASTHAN","94.000000",4137,1812,2325,2896,1251,1645,1241,561,680
"RAJASTHAN","95.000000",13422,5452,7970,10041,4192,5849,3381,1260,2121
"RAJASTHAN","96.000000",5034,2204,2830,3697,1622,2075,1337,582,755
"RAJASTHAN","97.000000",2951,1298,1653,2075,880,1195,876,418,458
"RAJASTHAN","98.000000",5214,2088,3126,3959,1587,2372,1255,501,754
"RAJASTHAN","99.000000",2588,975,1613,1966,729,1237,622,246,376
"RAJASTHAN","100+",20619,9041,11578,14152,6019,8133,6467,3022,3445
"RAJASTHAN","Age not stated",269602,137515,132087,214487,108656,105831,55115,28859,26256
"SIKKIM","All ages",610577,323070,287507,456999,242797,214202,153578,80273,73305
"SIKKIM","0.000000",7649,3905,3744,5849,2985,2864,1800,920,880
"SIKKIM","1.000000",8222,4232,3990,6267,3245,3022,1955,987,968
"SIKKIM","2.000000",8230,4180,4050,6261,3187,3074,1969,993,976
"SIKKIM","3.000000",8715,4478,4237,6687,3413,3274,2028,1065,963
"SIKKIM","4.000000",9520,4890,4630,7318,3711,3607,2202,1179,1023
"SIKKIM","5.000000",10560,5393,5167,8181,4167,4014,2379,1226,1153
"SIKKIM","6.000000",11215,5683,5532,8655,4353,4302,2560,1330,1230
"SIKKIM","7.000000",11728,5951,5777,9208,4673,4535,2520,1278,1242
"SIKKIM","8.000000",11022,5525,5497,8556,4282,4274,2466,1243,1223
"SIKKIM","9.000000",12153,6136,6017,9558,4859,4699,2595,1277,1318
"SIKKIM","10.000000",13543,6929,6614,10644,5444,5200,2899,1485,1414
"SIKKIM","11.000000",13165,6684,6481,10281,5227,5054,2884,1457,1427
"SIKKIM","12.000000",13400,6846,6554,10426,5393,5033,2974,1453,1521
"SIKKIM","13.000000",13312,6722,6590,10349,5257,5092,2963,1465,1498
"SIKKIM","14.000000",13503,6784,6719,10491,5267,5224,3012,1517,1495
"SIKKIM","15.000000",13323,6715,6608,10200,5206,4994,3123,1509,1614
"SIKKIM","16.000000",13428,6667,6761,10227,5115,5112,3201,1552,1649
"SIKKIM","17.000000",13144,6784,6360,9956,5174,4782,3188,1610,1578
"SIKKIM","18.000000",14254,7347,6907,10771,5593,5178,3483,1754,1729
"SIKKIM","19.000000",12788,6485,6303,9605,4855,4750,3183,1630,1553
"SIKKIM","20.000000",13848,7084,6764,10475,5427,5048,3373,1657,1716
"SIKKIM","21.000000",13411,6977,6434,10019,5271,4748,3392,1706,1686
"SIKKIM","22.000000",13779,7204,6575,10177,5364,4813,3602,1840,1762
"SIKKIM","23.000000",12586,6626,5960,9119,4867,4252,3467,1759,1708
"SIKKIM","24.000000",13673,7255,6418,10049,5372,4677,3624,1883,1741
"SIKKIM","25.000000",14403,7684,6719,10387,5637,4750,4016,2047,1969
"SIKKIM","26.000000",13720,7263,6457,9898,5346,4552,3822,1917,1905
"SIKKIM","27.000000",12319,6661,5658,8971,4938,4033,3348,1723,1625
"SIKKIM","28.000000",13006,6962,6044,9237,4990,4247,3769,1972,1797
"SIKKIM","29.000000",11191,6130,5061,8135,4564,3571,3056,1566,1490
"SIKKIM","30.000000",13683,7428,6255,9904,5462,4442,3779,1966,1813
"SIKKIM","31.000000",10816,5863,4953,7749,4279,3470,3067,1584,1483
"SIKKIM","32.000000",10227,5580,4647,7241,4015,3226,2986,1565,1421
"SIKKIM","33.000000",8317,4593,3724,6034,3404,2630,2283,1189,1094
"SIKKIM","34.000000",9182,5098,4084,6484,3628,2856,2698,1470,1228
"SIKKIM","35.000000",11125,5940,5185,7844,4167,3677,3281,1773,1508
"SIKKIM","36.000000",9009,4835,4174,6504,3502,3002,2505,1333,1172
"SIKKIM","37.000000",8024,4312,3712,5705,3105,2600,2319,1207,1112
"SIKKIM","38.000000",8269,4438,3831,5789,3129,2660,2480,1309,1171
"SIKKIM","39.000000",7200,3871,3329,5086,2710,2376,2114,1161,953
"SIKKIM","40.000000",9631,5215,4416,6915,3698,3217,2716,1517,1199
"SIKKIM","41.000000",7255,4119,3136,5148,2939,2209,2107,1180,927
"SIKKIM","42.000000",7848,4396,3452,5538,3141,2397,2310,1255,1055
"SIKKIM","43.000000",5646,3097,2549,4048,2199,1849,1598,898,700
"SIKKIM","44.000000",6172,3343,2829,4462,2425,2037,1710,918,792
"SIKKIM","45.000000",7723,4212,3511,5465,2915,2550,2258,1297,961
"SIKKIM","46.000000",5810,3233,2577,4089,2274,1815,1721,959,762
"SIKKIM","47.000000",4997,2706,2291,3559,1911,1648,1438,795,643
"SIKKIM","48.000000",5629,3113,2516,4031,2198,1833,1598,915,683
"SIKKIM","49.000000",5303,2850,2453,3960,2096,1864,1343,754,589
"SIKKIM","50.000000",7070,3800,3270,5273,2823,2450,1797,977,820
"SIKKIM","51.000000",4880,2680,2200,3625,1984,1641,1255,696,559
"SIKKIM","52.000000",4660,2679,1981,3382,1914,1468,1278,765,513
"SIKKIM","53.000000",3794,2186,1608,2807,1620,1187,987,566,421
"SIKKIM","54.000000",4028,2279,1749,2994,1680,1314,1034,599,435
"SIKKIM","55.000000",4910,2763,2147,3628,2019,1609,1282,744,538
"SIKKIM","56.000000",3801,2084,1717,2850,1538,1312,951,546,405
"SIKKIM","57.000000",2990,1776,1214,2290,1342,948,700,434,266
"SIKKIM","58.000000",2878,1671,1207,2122,1229,893,756,442,314
"SIKKIM","59.000000",2962,1619,1343,2329,1262,1067,633,357,276
"SIKKIM","60.000000",4410,2385,2025,3439,1858,1581,971,527,444
"SIKKIM","61.000000",2499,1412,1087,2017,1141,876,482,271,211
"SIKKIM","62.000000",2272,1258,1014,1841,1006,835,431,252,179
"SIKKIM","63.000000",2069,1137,932,1683,933,750,386,204,182
"SIKKIM","64.000000",2300,1249,1051,1895,1033,862,405,216,189
"SIKKIM","65.000000",3142,1661,1481,2542,1345,1197,600,316,284
"SIKKIM","66.000000",2116,1130,986,1713,930,783,403,200,203
"SIKKIM","67.000000",1724,934,790,1410,764,646,314,170,144
"SIKKIM","68.000000",1760,950,810,1445,788,657,315,162,153
"SIKKIM","69.000000",1741,918,823,1422,757,665,319,161,158
"SIKKIM","70.000000",2489,1380,1109,2012,1136,876,477,244,233
"SIKKIM","71.000000",1455,837,618,1201,698,503,254,139,115
"SIKKIM","72.000000",1340,774,566,1138,655,483,202,119,83
"SIKKIM","73.000000",1152,655,497,999,579,420,153,76,77
"SIKKIM","74.000000",1125,658,467,930,556,374,195,102,93
"SIKKIM","75.000000",1329,744,585,1070,606,464,259,138,121
"SIKKIM","76.000000",985,557,428,807,470,337,178,87,91
"SIKKIM","77.000000",784,455,329,657,393,264,127,62,65
"SIKKIM","78.000000",753,420,333,652,364,288,101,56,45
"SIKKIM","79.000000",665,380,285,550,317,233,115,63,52
"SIKKIM","80.000000",888,482,406,747,413,334,141,69,72
"SIKKIM","81.000000",490,266,224,397,226,171,93,40,53
"SIKKIM","82.000000",415,246,169,328,194,134,87,52,35
"SIKKIM","83.000000",380,203,177,320,175,145,60,28,32
"SIKKIM","84.000000",391,225,166,326,197,129,65,28,37
"SIKKIM","85.000000",385,221,164,323,188,135,62,33,29
"SIKKIM","86.000000",240,134,106,184,105,79,56,29,27
"SIKKIM","87.000000",193,99,94,151,77,74,42,22,20
"SIKKIM","88.000000",164,88,76,131,71,60,33,17,16
"SIKKIM","89.000000",129,70,59,104,61,43,25,9,16
"SIKKIM","90.000000",179,91,88,148,76,72,31,15,16
"SIKKIM","91.000000",115,70,45,100,63,37,15,7,8
"SIKKIM","92.000000",129,78,51,103,67,36,26,11,15
"SIKKIM","93.000000",55,27,28,41,20,21,14,7,7
"SIKKIM","94.000000",95,54,41,75,43,32,20,11,9
"SIKKIM","95.000000",95,58,37,71,41,30,24,17,7
"SIKKIM","96.000000",68,30,38,48,20,28,20,10,10
"SIKKIM","97.000000",50,30,20,39,24,15,11,6,5
"SIKKIM","98.000000",55,27,28,42,21,21,13,6,7
"SIKKIM","99.000000",31,21,10,24,17,7,7,4,3
"SIKKIM","100+",95,58,37,75,48,27,20,10,10
"SIKKIM","Age not stated",1176,637,539,987,531,456,189,106,83
"TAMIL NADU","All ages",72147030,36137975,36009055,37229590,18679065,18550525,34917440,17458910,17458530
"TAMIL NADU","0.000000",1004971,518251,486720,519367,269359,250008,485604,248892,236712
"TAMIL NADU","1.000000",1078713,556872,521841,560340,290781,269559,518373,266091,252282
"TAMIL NADU","2.000000",1053548,539636,513912,560145,288135,272010,493403,251501,241902
"TAMIL NADU","3.000000",1084158,554773,529385,580961,298119,282842,503197,256654,246543
"TAMIL NADU","4.000000",1057311,545046,512265,561066,290225,270841,496245,254821,241424
"TAMIL NADU","5.000000",1079481,557696,521785,570011,295712,274299,509470,261984,247486
"TAMIL NADU","6.000000",1065650,548002,517648,559412,288219,271193,506238,259783,246455
"TAMIL NADU","7.000000",1139867,585055,554812,614119,315690,298429,525748,269365,256383
"TAMIL NADU","8.000000",1127033,575557,551476,611270,312939,298331,515763,262618,253145
"TAMIL NADU","9.000000",1139224,584983,554241,613724,316394,297330,525500,268589,256911
"TAMIL NADU","10.000000",1290991,666692,624299,693192,359065,334127,597799,307627,290172
"TAMIL NADU","11.000000",1217158,629072,588086,648632,336677,311955,568526,292395,276131
"TAMIL NADU","12.000000",1207576,623211,584365,656309,341181,315128,551267,282030,269237
"TAMIL NADU","13.000000",1236636,635251,601385,667459,344941,322518,569177,290310,278867
"TAMIL NADU","14.000000",1225186,634764,590422,659568,344302,315266,565618,290462,275156
"TAMIL NADU","15.000000",1279794,664183,615611,695349,364062,331287,584445,300121,284324
"TAMIL NADU","16.000000",1177774,610930,566844,634943,333404,301539,542831,277526,265305
"TAMIL NADU","17.000000",1196680,623711,572969,644866,341577,303289,551814,282134,269680
"TAMIL NADU","18.000000",1325332,683260,642072,718852,376212,342640,606480,307048,299432
"TAMIL NADU","19.000000",1274212,647754,626458,679088,349978,329110,595124,297776,297348
"TAMIL NADU","20.000000",1449406,719304,730102,789443,394974,394469,659963,324330,335633
"TAMIL NADU","21.000000",1244160,617853,626307,638181,322134,316047,605979,295719,310260
"TAMIL NADU","22.000000",1242885,608972,633913,647484,323048,324436,595401,285924,309477
"TAMIL NADU","23.000000",1230114,603747,626367,619296,310637,308659,610818,293110,317708
"TAMIL NADU","24.000000",1244978,604928,640050,620830,307977,312853,624148,296951,327197
"TAMIL NADU","25.000000",1549069,725651,823418,831588,391913,439675,717481,333738,383743
"TAMIL NADU","26.000000",1271750,616761,654989,628275,310409,317866,643475,306352,337123
"TAMIL NADU","27.000000",1333993,662270,671723,671802,339484,332318,662191,322786,339405
"TAMIL NADU","28.000000",1321466,636844,684622,654364,318648,335716,667102,318196,348906
"TAMIL NADU","29.000000",1187468,595848,591620,574469,292044,282425,612999,303804,309195
"TAMIL NADU","30.000000",1709209,820748,888461,914728,437701,477027,794481,383047,411434
"TAMIL NADU","31.000000",1053219,543290,509929,485451,254073,231378,567768,289217,278551
"TAMIL NADU","32.000000",1110370,561252,549118,534206,273234,260972,576164,288018,288146
"TAMIL NADU","33.000000",940295,479816,460479,430591,222932,207659,509704,256884,252820
"TAMIL NADU","34.000000",1002467,503643,498824,460242,231572,228670,542225,272071,270154
"TAMIL NADU","35.000000",1692559,793584,898975,921545,424461,497084,771014,369123,401891
"TAMIL NADU","36.000000",1075794,522689,553105,511273,245223,266050,564521,277466,287055
"TAMIL NADU","37.000000",1011152,498491,512661,486170,237849,248321,524982,260642,264340
"TAMIL NADU","38.000000",1111922,530792,581130,529880,248819,281061,582042,281973,300069
"TAMIL NADU","39.000000",945029,469649,475380,445767,219023,226744,499262,250626,248636
"TAMIL NADU","40.000000",1742751,834994,907757,973817,459934,513883,768934,375060,393874
"TAMIL NADU","41.000000",889932,461677,428255,408106,210593,197513,481826,251084,230742
"TAMIL NADU","42.000000",928210,482183,446027,437367,227041,210326,490843,255142,235701
"TAMIL NADU","43.000000",740585,381996,358589,327318,168981,158337,413267,213015,200252
"TAMIL NADU","44.000000",762731,388996,373735,349219,177506,171713,413512,211490,202022
"TAMIL NADU","45.000000",1628037,787942,840095,916909,437864,479045,711128,350078,361050
"TAMIL NADU","46.000000",836154,429555,406599,397869,203306,194563,438285,226249,212036
"TAMIL NADU","47.000000",748438,390093,358345,352781,184439,168342,395657,205654,190003
"TAMIL NADU","48.000000",815532,414078,401454,389258,196083,193175,426274,217995,208279
"TAMIL NADU","49.000000",684895,353247,331648,326557,166200,160357,358338,187047,171291
"TAMIL NADU","50.000000",1458094,687779,770315,837437,388781,448656,620657,298998,321659
"TAMIL NADU","51.000000",624279,330357,293922,293559,153440,140119,330720,176917,153803
"TAMIL NADU","52.000000",598151,320908,277243,277169,148275,128894,320982,172633,148349
"TAMIL NADU","53.000000",468967,252024,216943,201274,107975,93299,267693,144049,123644
"TAMIL NADU","54.000000",553969,284495,269474,253204,127762,125442,300765,156733,144032
"TAMIL NADU","55.000000",1177299,542372,634927,670147,302492,367655,507152,239880,267272
"TAMIL NADU","56.000000",563175,290232,272943,269899,136700,133199,293276,153532,139744
"TAMIL NADU","57.000000",425071,226492,198579,195312,103198,92114,229759,123294,106465
"TAMIL NADU","58.000000",479191,247193,231998,220544,110916,109628,258647,136277,122370
"TAMIL NADU","59.000000",456406,234635,221771,222608,112046,110562,233798,122589,111209
"TAMIL NADU","60.000000",1276389,580996,695393,768314,349315,418999,508075,231681,276394
"TAMIL NADU","61.000000",460519,236407,224112,230767,117316,113451,229752,119091,110661
"TAMIL NADU","62.000000",387009,208590,178419,184636,99573,85063,202373,109017,93356
"TAMIL NADU","63.000000",325537,180540,144997,140929,78833,62096,184608,101707,82901
"TAMIL NADU","64.000000",333154,171506,161648,159453,81326,78127,173701,90180,83521
"TAMIL NADU","65.000000",877549,390162,487387,530292,238968,291324,347257,151194,196063
"TAMIL NADU","66.000000",305354,150464,154890,157710,77987,79723,147644,72477,75167
"TAMIL NADU","67.000000",224796,122714,102082,108709,60537,48172,116087,62177,53910
"TAMIL NADU","68.000000",226501,115697,110804,107007,53326,53681,119494,62371,57123
"TAMIL NADU","69.000000",234170,117375,116795,119206,59880,59326,114964,57495,57469
"TAMIL NADU","70.000000",768218,351563,416655,469268,221495,247773,298950,130068,168882
"TAMIL NADU","71.000000",231135,117332,113803,118627,60410,58217,112508,56922,55586
"TAMIL NADU","72.000000",157869,86980,70889,73702,41195,32507,84167,45785,38382
"TAMIL NADU","73.000000",113154,64211,48943,47648,27556,20092,65506,36655,28851
"TAMIL NADU","74.000000",136153,73081,63072,61374,33503,27871,74779,39578,35201
"TAMIL NADU","75.000000",362178,171521,190657,207031,102099,104932,155147,69422,85725
"TAMIL NADU","76.000000",127988,65676,62312,61432,32431,29001,66556,33245,33311
"TAMIL NADU","77.000000",70135,39974,30161,29549,17506,12043,40586,22468,18118
"TAMIL NADU","78.000000",70898,37623,33275,29942,16188,13754,40956,21435,19521
"TAMIL NADU","79.000000",79042,38952,40090,37837,18892,18945,41205,20060,21145
"TAMIL NADU","80.000000",270874,116984,153890,158932,72486,86446,111942,44498,67444
"TAMIL NADU","81.000000",75734,35566,40168,37415,18264,19151,38319,17302,21017
"TAMIL NADU","82.000000",41997,22458,19539,18251,10193,8058,23746,12265,11481
"TAMIL NADU","83.000000",31197,17113,14084,12075,7158,4917,19122,9955,9167
"TAMIL NADU","84.000000",36937,18691,18246,15439,8379,7060,21498,10312,11186
"TAMIL NADU","85.000000",92072,40233,51839,49049,23067,25982,43023,17166,25857
"TAMIL NADU","86.000000",34429,16750,17679,15389,8099,7290,19040,8651,10389
"TAMIL NADU","87.000000",19768,10852,8916,8168,4914,3254,11600,5938,5662
"TAMIL NADU","88.000000",14668,7584,7084,5830,3254,2576,8838,4330,4508
"TAMIL NADU","89.000000",16021,7435,8586,7606,3682,3924,8415,3753,4662
"TAMIL NADU","90.000000",47437,18909,28528,27201,11597,15604,20236,7312,12924
"TAMIL NADU","91.000000",12838,5493,7345,6306,2861,3445,6532,2632,3900
"TAMIL NADU","92.000000",5728,2896,2832,2500,1346,1154,3228,1550,1678
"TAMIL NADU","93.000000",4259,2164,2095,1734,976,758,2525,1188,1337
"TAMIL NADU","94.000000",4423,2085,2338,1964,1012,952,2459,1073,1386
"TAMIL NADU","95.000000",9833,3984,5849,5476,2475,3001,4357,1509,2848
"TAMIL NADU","96.000000",4187,1909,2278,2037,999,1038,2150,910,1240
"TAMIL NADU","97.000000",2457,1170,1287,1169,600,569,1288,570,718
"TAMIL NADU","98.000000",2736,1207,1529,1448,689,759,1288,518,770
"TAMIL NADU","99.000000",1761,737,1024,970,419,551,791,318,473
"TAMIL NADU","100+",12654,5642,7012,6705,2980,3725,5949,2662,3287
"TAMIL NADU","Age not stated",66805,34670,32135,35881,18620,17261,30924,16050,14874
"TRIPURA","All ages",3673917,1874376,1799541,2712464,1387173,1325291,961453,487203,474250
"TRIPURA","0.000000",56275,28650,27625,44516,22570,21946,11759,6080,5679
"TRIPURA","1.000000",64108,32563,31545,51064,25883,25181,13044,6680,6364
"TRIPURA","2.000000",65012,33442,31570,52839,27195,25644,12173,6247,5926
"TRIPURA","3.000000",69528,35467,34061,55720,28377,27343,13808,7090,6718
"TRIPURA","4.000000",67643,34383,33260,53881,27359,26522,13762,7024,6738
"TRIPURA","5.000000",69220,35258,33962,54901,27966,26935,14319,7292,7027
"TRIPURA","6.000000",66228,34245,31983,52388,27050,25338,13840,7195,6645
"TRIPURA","7.000000",66430,33918,32512,52331,26766,25565,14099,7152,6947
"TRIPURA","8.000000",68449,34968,33481,53871,27492,26379,14578,7476,7102
"TRIPURA","9.000000",67408,34152,33256,52939,26775,26164,14469,7377,7092
"TRIPURA","10.000000",74446,38244,36202,59237,30415,28822,15209,7829,7380
"TRIPURA","11.000000",70154,35830,34324,55018,28076,26942,15136,7754,7382
"TRIPURA","12.000000",74234,38045,36189,59293,30412,28881,14941,7633,7308
"TRIPURA","13.000000",69374,35375,33999,54998,28164,26834,14376,7211,7165
"TRIPURA","14.000000",69482,35507,33975,54448,27837,26611,15034,7670,7364
"TRIPURA","15.000000",71020,36298,34722,55643,28476,27167,15377,7822,7555
"TRIPURA","16.000000",71534,36901,34633,55345,28666,26679,16189,8235,7954
"TRIPURA","17.000000",67462,35616,31846,51403,27424,23979,16059,8192,7867
"TRIPURA","18.000000",77535,38564,38971,59769,29626,30143,17766,8938,8828
"TRIPURA","19.000000",70278,33757,36521,52728,25185,27543,17550,8572,8978
"TRIPURA","20.000000",86562,41080,45482,66408,31462,34946,20154,9618,10536
"TRIPURA","21.000000",71419,35264,36155,53743,26595,27148,17676,8669,9007
"TRIPURA","22.000000",75497,37557,37940,57346,28687,28659,18151,8870,9281
"TRIPURA","23.000000",68459,34324,34135,50667,25388,25279,17792,8936,8856
"TRIPURA","24.000000",71240,35554,35686,52712,26334,26378,18528,9220,9308
"TRIPURA","25.000000",86486,42174,44312,65493,32038,33455,20993,10136,10857
"TRIPURA","26.000000",72158,36262,35896,53265,26957,26308,18893,9305,9588
"TRIPURA","27.000000",65499,34399,31100,47123,25007,22116,18376,9392,8984
"TRIPURA","28.000000",65574,33738,31836,48091,24788,23303,17483,8950,8533
"TRIPURA","29.000000",54432,28486,25946,38888,20599,18289,15544,7887,7657
"TRIPURA","30.000000",83384,42615,40769,61772,31826,29946,21612,10789,10823
"TRIPURA","31.000000",56722,29609,27113,40540,21461,19079,16182,8148,8034
"TRIPURA","32.000000",56165,29365,26800,39853,21142,18711,16312,8223,8089
"TRIPURA","33.000000",44456,23509,20947,30715,16460,14255,13741,7049,6692
"TRIPURA","34.000000",46262,24133,22129,31988,16842,15146,14274,7291,6983
"TRIPURA","35.000000",75829,38025,37804,55173,28073,27100,20656,9952,10704
"TRIPURA","36.000000",58302,29918,28384,41102,21364,19738,17200,8554,8646
"TRIPURA","37.000000",47530,24739,22791,32600,17234,15366,14930,7505,7425
"TRIPURA","38.000000",52705,26855,25850,36693,18861,17832,16012,7994,8018
"TRIPURA","39.000000",44976,23514,21462,30561,16126,14435,14415,7388,7027
"TRIPURA","40.000000",72033,36394,35639,51858,26322,25536,20175,10072,10103
"TRIPURA","41.000000",48497,25052,23445,33357,17363,15994,15140,7689,7451
"TRIPURA","42.000000",46900,24638,22262,31502,16669,14833,15398,7969,7429
"TRIPURA","43.000000",35737,19062,16675,23514,12577,10937,12223,6485,5738
"TRIPURA","44.000000",35584,18947,16637,23824,12662,11162,11760,6285,5475
"TRIPURA","45.000000",63824,31870,31954,45407,22693,22714,18417,9177,9240
"TRIPURA","46.000000",41816,21583,20233,28399,14837,13562,13417,6746,6671
"TRIPURA","47.000000",33261,17638,15623,21613,11532,10081,11648,6106,5542
"TRIPURA","48.000000",36906,19676,17230,24451,13071,11380,12455,6605,5850
"TRIPURA","49.000000",29662,15950,13712,19427,10530,8897,10235,5420,4815
"TRIPURA","50.000000",54377,27446,26931,38850,19663,19187,15527,7783,7744
"TRIPURA","51.000000",34631,18721,15910,23226,12711,10515,11405,6010,5395
"TRIPURA","52.000000",30115,16588,13527,19498,10728,8770,10617,5860,4757
"TRIPURA","53.000000",21160,11990,9170,12986,7400,5586,8174,4590,3584
"TRIPURA","54.000000",21903,11882,10021,13742,7480,6262,8161,4402,3759
"TRIPURA","55.000000",39778,19859,19919,27585,13772,13813,12193,6087,6106
"TRIPURA","56.000000",25130,13454,11676,16560,8856,7704,8570,4598,3972
"TRIPURA","57.000000",17703,9778,7925,10961,5921,5040,6742,3857,2885
"TRIPURA","58.000000",18027,9990,8037,11317,6056,5261,6710,3934,2776
"TRIPURA","59.000000",16236,8768,7468,10524,5461,5063,5712,3307,2405
"TRIPURA","60.000000",37813,18205,19608,27477,13253,14224,10336,4952,5384
"TRIPURA","61.000000",21016,10808,10208,14523,7377,7146,6493,3431,3062
"TRIPURA","62.000000",16700,8774,7926,11084,5708,5376,5616,3066,2550
"TRIPURA","63.000000",10494,5901,4593,6766,3713,3053,3728,2188,1540
"TRIPURA","64.000000",11106,5923,5183,7445,3889,3556,3661,2034,1627
"TRIPURA","65.000000",28872,13722,15150,21216,10228,10988,7656,3494,4162
"TRIPURA","66.000000",15103,7623,7480,10881,5478,5403,4222,2145,2077
"TRIPURA","67.000000",9601,5086,4515,6591,3487,3104,3010,1599,1411
"TRIPURA","68.000000",8620,4447,4173,5861,2966,2895,2759,1481,1278
"TRIPURA","69.000000",8284,4166,4118,5877,2908,2969,2407,1258,1149
"TRIPURA","70.000000",24416,11217,13199,18310,8621,9689,6106,2596,3510
"TRIPURA","71.000000",11626,5713,5913,8474,4241,4233,3152,1472,1680
"TRIPURA","72.000000",7560,3942,3618,5208,2749,2459,2352,1193,1159
"TRIPURA","73.000000",4300,2372,1928,2792,1537,1255,1508,835,673
"TRIPURA","74.000000",4422,2291,2131,2980,1550,1430,1442,741,701
"TRIPURA","75.000000",13121,5986,7135,9458,4431,5027,3663,1555,2108
"TRIPURA","76.000000",6843,3240,3603,4756,2318,2438,2087,922,1165
"TRIPURA","77.000000",3853,1890,1963,2619,1300,1319,1234,590,644
"TRIPURA","78.000000",3171,1617,1554,2164,1116,1048,1007,501,506
"TRIPURA","79.000000",3098,1526,1572,2168,1093,1075,930,433,497
"TRIPURA","80.000000",10027,4273,5754,7449,3327,4122,2578,946,1632
"TRIPURA","81.000000",4558,2115,2443,3325,1582,1743,1233,533,700
"TRIPURA","82.000000",2595,1284,1311,1827,936,891,768,348,420
"TRIPURA","83.000000",1360,683,677,936,481,455,424,202,222
"TRIPURA","84.000000",1387,685,702,970,508,462,417,177,240
"TRIPURA","85.000000",3957,1694,2263,2880,1279,1601,1077,415,662
"TRIPURA","86.000000",2099,922,1177,1512,698,814,587,224,363
"TRIPURA","87.000000",1148,536,612,816,398,418,332,138,194
"TRIPURA","88.000000",740,359,381,532,260,272,208,99,109
"TRIPURA","89.000000",918,411,507,683,315,368,235,96,139
"TRIPURA","90.000000",2948,1072,1876,2266,859,1407,682,213,469
"TRIPURA","91.000000",1172,465,707,857,363,494,315,102,213
"TRIPURA","92.000000",694,325,369,516,244,272,178,81,97
"TRIPURA","93.000000",391,181,210,282,139,143,109,42,67
"TRIPURA","94.000000",503,251,252,354,193,161,149,58,91
"TRIPURA","95.000000",1210,515,695,924,417,507,286,98,188
"TRIPURA","96.000000",647,318,329,483,247,236,164,71,93
"TRIPURA","97.000000",426,210,216,331,171,160,95,39,56
"TRIPURA","98.000000",482,236,246,376,186,190,106,50,56
"TRIPURA","99.000000",395,156,239,319,132,187,76,24,52
"TRIPURA","100+",1868,780,1088,1475,645,830,393,135,258
"TRIPURA","Age not stated",1616,867,749,1035,568,467,581,299,282
"UTTARAKHAND","All ages",10086292,5137773,4948519,7036954,3519042,3517912,3049338,1618731,1430607
"UTTARAKHAND","0.000000",172766,92117,80649,128337,68375,59962,44429,23742,20687
"UTTARAKHAND","1.000000",177018,94371,82647,129591,68770,60821,47427,25601,21826
"UTTARAKHAND","2.000000",184772,97265,87507,135427,70996,64431,49345,26269,23076
"UTTARAKHAND","3.000000",193915,101245,92670,141213,73540,67673,52702,27705,24997
"UTTARAKHAND","4.000000",196393,103990,92403,142725,75256,67469,53668,28734,24934
"UTTARAKHAND","5.000000",218067,116064,102003,159161,84268,74893,58906,31796,27110
"UTTARAKHAND","6.000000",212883,112147,100736,154322,80587,73735,58561,31560,27001
"UTTARAKHAND","7.000000",210340,110555,99785,152454,79455,72999,57886,31100,26786
"UTTARAKHAND","8.000000",216896,114848,102048,158202,83099,75103,58694,31749,26945
"UTTARAKHAND","9.000000",200615,106565,94050,146443,76846,69597,54172,29719,24453
"UTTARAKHAND","10.000000",250302,134113,116189,181771,96251,85520,68531,37862,30669
"UTTARAKHAND","11.000000",215036,114025,101011,156931,82153,74778,58105,31872,26233
"UTTARAKHAND","12.000000",236362,124845,111517,173745,90621,83124,62617,34224,28393
"UTTARAKHAND","13.000000",214935,111390,103545,157053,80262,76791,57882,31128,26754
"UTTARAKHAND","14.000000",228708,118901,109807,165918,85291,80627,62790,33610,29180
"UTTARAKHAND","15.000000",233790,121583,112207,168529,86504,82025,65261,35079,30182
"UTTARAKHAND","16.000000",230111,119257,110854,165057,84160,80897,65054,35097,29957
"UTTARAKHAND","17.000000",207201,108809,98392,145509,75319,70190,61692,33490,28202
"UTTARAKHAND","18.000000",254384,135318,119066,177577,92407,85170,76807,42911,33896
"UTTARAKHAND","19.000000",198624,103516,95108,136226,68679,67547,62398,34837,27561
"UTTARAKHAND","20.000000",238836,121872,116964,161696,79592,82104,77140,42280,34860
"UTTARAKHAND","21.000000",184167,93716,90451,122489,59940,62549,61678,33776,27902
"UTTARAKHAND","22.000000",205798,103140,102658,138094,66903,71191,67704,36237,31467
"UTTARAKHAND","23.000000",165947,80429,85518,110083,51386,58697,55864,29043,26821
"UTTARAKHAND","24.000000",175320,85457,89863,115665,54610,61055,59655,30847,28808
"UTTARAKHAND","25.000000",208090,102214,105876,137501,66092,71409,70589,36122,34467
"UTTARAKHAND","26.000000",168971,83362,85609,110667,53223,57444,58304,30139,28165
"UTTARAKHAND","27.000000",137729,68083,69646,88914,42914,46000,48815,25169,23646
"UTTARAKHAND","28.000000",176067,84576,91491,116591,54263,62328,59476,30313,29163
"UTTARAKHAND","29.000000",119327,59128,60199,76081,36785,39296,43246,22343,20903
"UTTARAKHAND","30.000000",224736,110763,113973,149942,71942,78000,74794,38821,35973
"UTTARAKHAND","31.000000",109814,55775,54039,69590,34610,34980,40224,21165,19059
"UTTARAKHAND","32.000000",144969,71548,73421,96664,46760,49904,48305,24788,23517
"UTTARAKHAND","33.000000",103501,50277,53224,68561,32723,35838,34940,17554,17386
"UTTARAKHAND","34.000000",115280,57064,58216,74399,35855,38544,40881,21209,19672
"UTTARAKHAND","35.000000",212511,109759,102752,141770,71791,69979,70741,37968,32773
"UTTARAKHAND","36.000000",129172,64303,64869,85724,41880,43844,43448,22423,21025
"UTTARAKHAND","37.000000",95734,47112,48622,62738,30550,32188,32996,16562,16434
"UTTARAKHAND","38.000000",137469,64319,73150,92806,42418,50388,44663,21901,22762
"UTTARAKHAND","39.000000",90614,45341,45273,58310,28603,29707,32304,16738,15566
"UTTARAKHAND","40.000000",213652,108487,105165,146323,72978,73345,67329,35509,31820
"UTTARAKHAND","41.000000",89729,46665,43064,58010,29722,28288,31719,16943,14776
"UTTARAKHAND","42.000000",110565,55030,55535,74572,36467,38105,35993,18563,17430
"UTTARAKHAND","43.000000",73946,35780,38166,48441,22820,25621,25505,12960,12545
"UTTARAKHAND","44.000000",78817,39569,39248,51306,25073,26233,27511,14496,13015
"UTTARAKHAND","45.000000",179151,91677,87474,121595,60911,60684,57556,30766,26790
"UTTARAKHAND","46.000000",89054,45213,43841,58533,29180,29353,30521,16033,14488
"UTTARAKHAND","47.000000",65054,33337,31717,42090,21021,21069,22964,12316,10648
"UTTARAKHAND","48.000000",94848,46191,48657,64058,30114,33944,30790,16077,14713
"UTTARAKHAND","49.000000",61270,31564,29706,39624,19729,19895,21646,11835,9811
"UTTARAKHAND","50.000000",160641,79265,81376,112836,53917,58919,47805,25348,22457
"UTTARAKHAND","51.000000",63390,33852,29538,41573,21614,19959,21817,12238,9579
"UTTARAKHAND","52.000000",68543,35617,32926,46774,23687,23087,21769,11930,9839
"UTTARAKHAND","53.000000",48882,25324,23558,32245,16102,16143,16637,9222,7415
"UTTARAKHAND","54.000000",55702,27966,27736,36646,17717,18929,19056,10249,8807
"UTTARAKHAND","55.000000",118112,53848,64264,83638,36535,47103,34474,17313,17161
"UTTARAKHAND","56.000000",59081,28603,30478,40094,18605,21489,18987,9998,8989
"UTTARAKHAND","57.000000",40656,20405,20251,27186,12960,14226,13470,7445,6025
"UTTARAKHAND","58.000000",56285,26358,29927,39839,17777,22062,16446,8581,7865
"UTTARAKHAND","59.000000",44327,22651,21676,30609,15085,15524,13718,7566,6152
"UTTARAKHAND","60.000000",141424,64780,76644,106937,48049,58888,34487,16731,17756
"UTTARAKHAND","61.000000",53277,27415,25862,38761,19586,19175,14516,7829,6687
"UTTARAKHAND","62.000000",57520,29896,27624,43789,22513,21276,13731,7383,6348
"UTTARAKHAND","63.000000",38856,21311,17545,27964,15151,12813,10892,6160,4732
"UTTARAKHAND","64.000000",37979,19818,18161,27340,13964,13376,10639,5854,4785
"UTTARAKHAND","65.000000",99540,46235,53305,76315,34810,41505,23225,11425,11800
"UTTARAKHAND","66.000000",39536,20326,19210,29050,14625,14425,10486,5701,4785
"UTTARAKHAND","67.000000",23723,13062,10661,16840,9025,7815,6883,4037,2846
"UTTARAKHAND","68.000000",31402,15996,15406,23145,11449,11696,8257,4547,3710
"UTTARAKHAND","69.000000",24558,12793,11765,17752,8931,8821,6806,3862,2944
"UTTARAKHAND","70.000000",84656,39139,45517,66236,30127,36109,18420,9012,9408
"UTTARAKHAND","71.000000",26729,13729,13000,19874,10007,9867,6855,3722,3133
"UTTARAKHAND","72.000000",22692,12002,10690,17199,8916,8283,5493,3086,2407
"UTTARAKHAND","73.000000",13819,7708,6111,10071,5460,4611,3748,2248,1500
"UTTARAKHAND","74.000000",15547,8392,7155,11527,6095,5432,4020,2297,1723
"UTTARAKHAND","75.000000",39794,18064,21730,30850,13868,16982,8944,4196,4748
"UTTARAKHAND","76.000000",16044,7924,8120,12065,5947,6118,3979,1977,2002
"UTTARAKHAND","77.000000",8764,4754,4010,6481,3418,3063,2283,1336,947
"UTTARAKHAND","78.000000",11187,5646,5541,8518,4190,4328,2669,1456,1213
"UTTARAKHAND","79.000000",8857,4449,4408,6647,3274,3373,2210,1175,1035
"UTTARAKHAND","80.000000",32340,14007,18333,25787,11216,14571,6553,2791,3762
"UTTARAKHAND","81.000000",9595,4511,5084,7149,3322,3827,2446,1189,1257
"UTTARAKHAND","82.000000",6959,3483,3476,5250,2640,2610,1709,843,866
"UTTARAKHAND","83.000000",4239,2172,2067,3061,1578,1483,1178,594,584
"UTTARAKHAND","84.000000",4802,2439,2363,3492,1765,1727,1310,674,636
"UTTARAKHAND","85.000000",11493,5096,6397,8711,3871,4840,2782,1225,1557
"UTTARAKHAND","86.000000",4584,2255,2329,3326,1618,1708,1258,637,621
"UTTARAKHAND","87.000000",2380,1260,1120,1685,902,783,695,358,337
"UTTARAKHAND","88.000000",2377,1167,1210,1709,824,885,668,343,325
"UTTARAKHAND","89.000000",1879,912,967,1346,661,685,533,251,282
"UTTARAKHAND","90.000000",6419,2720,3699,4925,2108,2817,1494,612,882
"UTTARAKHAND","91.000000",2479,1158,1321,1715,806,909,764,352,412
"UTTARAKHAND","92.000000",1596,749,847,1109,509,600,487,240,247
"UTTARAKHAND","93.000000",898,447,451,599,299,300,299,148,151
"UTTARAKHAND","94.000000",1058,520,538,738,364,374,320,156,164
"UTTARAKHAND","95.000000",2246,979,1267,1644,720,924,602,259,343
"UTTARAKHAND","96.000000",1153,556,597,803,391,412,350,165,185
"UTTARAKHAND","97.000000",717,347,370,492,234,258,225,113,112
"UTTARAKHAND","98.000000",907,405,502,648,277,371,259,128,131
"UTTARAKHAND","99.000000",614,275,339,468,208,260,146,67,79
"UTTARAKHAND","100+",6170,3000,3170,3996,1883,2113,2174,1117,1057
"UTTARAKHAND","Age not stated",16608,9312,7296,10472,5748,4724,6136,3564,2572
"UTTAR PRADESH","All ages",199812341,104480510,95331831,155317278,80992995,74324283,44495063,23487515,21007548
"UTTAR PRADESH","0.000000",3500559,1844947,1655612,2875243,1511744,1363499,625316,333203,292113
"UTTAR PRADESH","1.000000",3638740,1914323,1724417,2938208,1541003,1397205,700532,373320,327212
"UTTAR PRADESH","2.000000",4191583,2184858,2006725,3399107,1767302,1631805,792476,417556,374920
"UTTAR PRADESH","3.000000",4546132,2347635,2198497,3697121,1904571,1792550,849011,443064,405947
"UTTAR PRADESH","4.000000",4499654,2368711,2130943,3646544,1915743,1730801,853110,452968,400142
"UTTAR PRADESH","5.000000",5264093,2815690,2448403,4291144,2292186,1998958,972949,523504,449445
"UTTAR PRADESH","6.000000",5150570,2709417,2441153,4193216,2203046,1990170,957354,506371,450983
"UTTAR PRADESH","7.000000",4783808,2516369,2267439,3860414,2027496,1832918,923394,488873,434521
"UTTAR PRADESH","8.000000",5514540,2915118,2599422,4513772,2380288,2133484,1000768,534830,465938
"UTTAR PRADESH","9.000000",4348706,2293737,2054969,3503910,1841587,1662323,844796,452150,392646
"UTTAR PRADESH","10.000000",6347278,3397755,2949523,5169860,2759258,2410602,1177418,638497,538921
"UTTAR PRADESH","11.000000",4559292,2425324,2133968,3641991,1931080,1710911,917301,494244,423057
"UTTAR PRADESH","12.000000",5559995,2961012,2598983,4490182,2386413,2103769,1069813,574599,495214
"UTTAR PRADESH","13.000000",4432612,2301450,2131162,3531480,1831197,1700283,901132,470253,430879
"UTTAR PRADESH","14.000000",4970704,2593613,2377091,3940427,2054374,1886053,1030277,539239,491038
"UTTAR PRADESH","15.000000",5187609,2760508,2427101,4118163,2194591,1923572,1069446,565917,503529
"UTTAR PRADESH","16.000000",4953132,2591691,2361441,3878443,2029596,1848847,1074689,562095,512594
"UTTAR PRADESH","17.000000",3885778,2058384,1827394,2950680,1562188,1388492,935098,496196,438902
"UTTAR PRADESH","18.000000",5594440,3063915,2530525,4309295,2360208,1949087,1285145,703707,581438
"UTTAR PRADESH","19.000000",3419421,1833075,1586346,2522503,1346835,1175668,896918,486240,410678
"UTTAR PRADESH","20.000000",5252299,2895147,2357152,3987658,2208459,1779199,1264641,686688,577953
"UTTAR PRADESH","21.000000",3002733,1659429,1343304,2164123,1200471,963652,838610,458958,379652
"UTTAR PRADESH","22.000000",3743560,2065047,1678513,2769727,1533222,1236505,973833,531825,442008
"UTTAR PRADESH","23.000000",2705878,1317082,1388796,1986489,938011,1048478,719389,379071,340318
"UTTAR PRADESH","24.000000",2874178,1468780,1405398,2081047,1047538,1033509,793131,421242,371889
"UTTAR PRADESH","25.000000",4274936,2424734,1850202,3225573,1867078,1358495,1049363,557656,491707
"UTTAR PRADESH","26.000000",2751552,1448323,1303229,2014108,1055391,958717,737444,392932,344512
"UTTAR PRADESH","27.000000",2059085,1031824,1027261,1488452,733328,755124,570633,298496,272137
"UTTAR PRADESH","28.000000",3545451,1597201,1948250,2727412,1191288,1536124,818039,405913,412126
"UTTAR PRADESH","29.000000",1948805,964285,984520,1405184,684367,720817,543621,279918,263703
"UTTAR PRADESH","30.000000",4866714,2681401,2185313,3730681,2088171,1642510,1136033,593230,542803
"UTTAR PRADESH","31.000000",1740763,903075,837688,1257306,649902,607404,483457,253173,230284
"UTTAR PRADESH","32.000000",2685358,1265678,1419680,2059305,949383,1109922,626053,316295,309758
"UTTAR PRADESH","33.000000",1759434,690412,1069022,1356084,497515,858569,403350,192897,210453
"UTTAR PRADESH","34.000000",1902413,890835,1011578,1407023,640090,766933,495390,250745,244645
"UTTAR PRADESH","35.000000",4540365,2680166,1860199,3452519,2089530,1362989,1087846,590636,497210
"UTTAR PRADESH","36.000000",2187571,1149865,1037706,1637784,863314,774470,549787,286551,263236
"UTTAR PRADESH","37.000000",1420791,653675,767116,1055129,472263,582866,365662,181412,184250
"UTTAR PRADESH","38.000000",2845755,1146111,1699644,2240284,869988,1370296,605471,276123,329348
"UTTAR PRADESH","39.000000",1561740,771414,790326,1137985,553113,584872,423755,218301,205454
"UTTAR PRADESH","40.000000",4605934,2716130,1889804,3519491,2119731,1399760,1086443,596399,490044
"UTTAR PRADESH","41.000000",1441533,800741,640792,1036303,581014,455289,405230,219727,185503
"UTTAR PRADESH","42.000000",1814414,862840,951574,1377065,641523,735542,437349,221317,216032
"UTTAR PRADESH","43.000000",1167675,432319,735356,890368,302496,587872,277307,129823,147484
"UTTAR PRADESH","44.000000",1201846,583132,618714,862035,409230,452805,339811,173902,165909
"UTTAR PRADESH","45.000000",3580709,2121453,1459256,2682872,1632137,1050735,897837,489316,408521
"UTTAR PRADESH","46.000000",1339212,713679,625533,964341,515159,449182,374871,198520,176351
"UTTAR PRADESH","47.000000",841133,379439,461694,605813,259207,346606,235320,120232,115088
"UTTAR PRADESH","48.000000",1714346,674147,1040199,1329126,489809,839317,385220,184338,200882
"UTTAR PRADESH","49.000000",974377,493430,480947,696099,344581,351518,278278,148849,129429
"UTTAR PRADESH","50.000000",3279901,1944337,1335564,2510464,1522488,987976,769437,421849,347588
"UTTAR PRADESH","51.000000",948369,546606,401763,674417,392179,282238,273952,154427,119525
"UTTAR PRADESH","52.000000",939310,455992,483318,699009,326812,372197,240301,129180,111121
"UTTAR PRADESH","53.000000",655062,255476,399586,486640,167987,318653,168422,87489,80933
"UTTAR PRADESH","54.000000",764381,369506,394875,542161,252965,289196,222220,116541,105679
"UTTAR PRADESH","55.000000",2316157,1261369,1054788,1769733,981338,788395,546424,280031,266393
"UTTAR PRADESH","56.000000",862274,441690,420584,630009,319108,310901,232265,122582,109683
"UTTAR PRADESH","57.000000",514316,217018,297298,378527,145147,233380,135789,71871,63918
"UTTAR PRADESH","58.000000",1041541,353169,688372,838436,257329,581107,203105,95840,107265
"UTTAR PRADESH","59.000000",729858,352955,376903,549895,257612,292283,179963,95343,84620
"UTTAR PRADESH","60.000000",2919867,1586993,1332874,2359994,1302159,1057835,559873,284834,275039
"UTTAR PRADESH","61.000000",843860,461157,382703,649354,355270,294084,194506,105887,88619
"UTTAR PRADESH","62.000000",856982,421013,435969,697234,334615,362619,159748,86398,73350
"UTTAR PRADESH","63.000000",528476,217113,311363,419840,157714,262126,108636,59399,49237
"UTTAR PRADESH","64.000000",556006,282495,273511,429054,213763,215291,126952,68732,58220
"UTTAR PRADESH","65.000000",2059446,1123038,936408,1698363,941285,757078,361083,181753,179330
"UTTAR PRADESH","66.000000",582601,313009,269592,458643,246340,212303,123958,66669,57289
"UTTAR PRADESH","67.000000",274768,129211,145557,212125,93419,118706,62643,35792,26851
"UTTAR PRADESH","68.000000",526338,193282,333056,435854,147898,287956,90484,45384,45100
"UTTAR PRADESH","69.000000",396816,199932,196884,311980,154142,157838,84836,45790,39046
"UTTAR PRADESH","70.000000",1798139,991458,806681,1507933,844336,663597,290206,147122,143084
"UTTAR PRADESH","71.000000",430932,239023,191909,341854,190715,151139,89078,48308,40770
"UTTAR PRADESH","72.000000",273471,142233,131238,217240,110015,107225,56231,32218,24013
"UTTAR PRADESH","73.000000",148902,67377,81525,114145,47175,66970,34757,20202,14555
"UTTAR PRADESH","74.000000",180924,95001,85923,136514,70204,66310,44410,24797,19613
"UTTAR PRADESH","75.000000",710704,377304,333400,586988,316340,270648,123716,60964,62752
"UTTAR PRADESH","76.000000",200192,106382,93810,155968,82898,73070,44224,23484,20740
"UTTAR PRADESH","77.000000",80347,39476,40871,59950,27587,32363,20397,11889,8508
"UTTAR PRADESH","78.000000",137109,54905,82204,110103,40528,69575,27006,14377,12629
"UTTAR PRADESH","79.000000",121540,60810,60730,95242,46833,48409,26298,13977,12321
"UTTAR PRADESH","80.000000",616222,319697,296525,519794,274209,245585,96428,45488,50940
"UTTAR PRADESH","81.000000",143828,75297,68531,114793,60703,54090,29035,14594,14441
"UTTAR PRADESH","82.000000",69694,36907,32787,53821,28109,25712,15873,8798,7075
"UTTAR PRADESH","83.000000",40558,19640,20918,29987,13686,16301,10571,5954,4617
"UTTAR PRADESH","84.000000",52254,27812,24442,38649,20379,18270,13605,7433,6172
"UTTAR PRADESH","85.000000",190724,102081,88643,154517,84409,70108,36207,17672,18535
"UTTAR PRADESH","86.000000",58042,31230,26812,43943,23927,20016,14099,7303,6796
"UTTAR PRADESH","87.000000",24714,13098,11616,17772,9166,8606,6942,3932,3010
"UTTAR PRADESH","88.000000",35726,16423,19303,27318,12003,15315,8408,4420,3988
"UTTAR PRADESH","89.000000",33365,16434,16931,25376,12479,12897,7989,3955,4034
"UTTAR PRADESH","90.000000",147993,74894,73099,122564,63249,59315,25429,11645,13784
"UTTAR PRADESH","91.000000",43330,22223,21107,33803,17475,16328,9527,4748,4779
"UTTAR PRADESH","92.000000",21279,11021,10258,16543,8493,8050,4736,2528,2208
"UTTAR PRADESH","93.000000",12915,6198,6717,9995,4719,5276,2920,1479,1441
"UTTAR PRADESH","94.000000",16415,8295,8120,12700,6398,6302,3715,1897,1818
"UTTAR PRADESH","95.000000",46747,24589,22158,38319,20642,17677,8428,3947,4481
"UTTAR PRADESH","96.000000",18911,9805,9106,14809,7792,7017,4102,2013,2089
"UTTAR PRADESH","97.000000",10137,5018,5119,7903,3913,3990,2234,1105,1129
"UTTAR PRADESH","98.000000",17907,8226,9681,14540,6546,7994,3367,1680,1687
"UTTAR PRADESH","99.000000",12125,5704,6421,9812,4621,5191,2313,1083,1230
"UTTAR PRADESH","100+",199598,101329,98269,141132,71481,69651,58466,29848,28618
"UTTAR PRADESH","Age not stated",1622062,865933,756129,1172430,624380,548050,449632,241553,208079
"WEST BENGAL","All ages",91276115,46809027,44467088,62183113,31844945,30338168,29093002,14964082,14128920
"WEST BENGAL","0.000000",1282793,658033,624760,956689,490080,466609,326104,167953,158151
"WEST BENGAL","1.000000",1399278,717355,681923,1022745,523724,499021,376533,193631,182902
"WEST BENGAL","2.000000",1507433,770215,737218,1119825,571400,548425,387608,198815,188793
"WEST BENGAL","3.000000",1584098,801170,782928,1178181,595158,583023,405917,206012,199905
"WEST BENGAL","4.000000",1559541,797089,762452,1155503,589802,565701,404038,207287,196751
"WEST BENGAL","5.000000",1679808,862822,816986,1241368,636191,605177,438440,226631,211809
"WEST BENGAL","6.000000",1568515,803712,764803,1146399,586300,560099,422116,217412,204704
"WEST BENGAL","7.000000",1665309,849029,816280,1215059,618025,597034,450250,231004,219246
"WEST BENGAL","8.000000",1722903,882730,840173,1270834,649812,621022,452069,232918,219151
"WEST BENGAL","9.000000",1611274,818470,792804,1174983,595030,579953,436291,223440,212851
"WEST BENGAL","10.000000",1964078,1010766,953312,1429417,733978,695439,534661,276788,257873
"WEST BENGAL","11.000000",1691201,865049,826152,1219828,621269,598559,471373,243780,227593
"WEST BENGAL","12.000000",1908789,984295,924494,1399849,719512,680337,508940,264783,244157
"WEST BENGAL","13.000000",1759893,887191,872702,1289824,648450,641374,470069,238741,231328
"WEST BENGAL","14.000000",1832562,930205,902357,1338176,677819,660357,494386,252386,242000
"WEST BENGAL","15.000000",1856644,959715,896929,1344769,695320,649449,511875,264395,247480
"WEST BENGAL","16.000000",1787844,939171,848673,1285154,679426,605728,502690,259745,242945
"WEST BENGAL","17.000000",1617440,870750,746690,1136534,619049,517485,480906,251701,229205
"WEST BENGAL","18.000000",2121174,1103257,1017917,1509693,789137,720556,611481,314120,297361
"WEST BENGAL","19.000000",1674929,829432,845497,1166545,576672,589873,508384,252760,255624
"WEST BENGAL","20.000000",2162272,1043157,1119115,1520366,731030,789336,641906,312127,329779
"WEST BENGAL","21.000000",1582756,803764,778992,1086201,552784,533417,496555,250980,245575
"WEST BENGAL","22.000000",1911605,979828,931777,1333190,686998,646192,578415,292830,285585
"WEST BENGAL","23.000000",1519179,782313,736866,1037207,538336,498871,481972,243977,237995
"WEST BENGAL","24.000000",1582510,813568,768942,1065757,553524,512233,516753,260044,256709
"WEST BENGAL","25.000000",2103646,1026692,1076954,1450370,711863,738507,653276,314829,338447
"WEST BENGAL","26.000000",1676373,852456,823917,1129803,579281,550522,546570,273175,273395
"WEST BENGAL","27.000000",1411721,732977,678744,942077,493311,448766,469644,239666,229978
"WEST BENGAL","28.000000",1669390,858415,810975,1110766,573738,537028,558624,284677,273947
"WEST BENGAL","29.000000",1136779,574364,562415,721980,365302,356678,414799,209062,205737
"WEST BENGAL","30.000000",2273370,1122177,1151193,1520840,750657,770183,752530,371520,381010
"WEST BENGAL","31.000000",1090649,549559,541090,698859,351044,347815,391790,198515,193275
"WEST BENGAL","32.000000",1387090,709939,677151,894592,458139,436453,492498,251800,240698
"WEST BENGAL","33.000000",996895,519093,477802,642397,335550,306847,354498,183543,170955
"WEST BENGAL","34.000000",1093586,563891,529695,695582,359793,335789,398004,204098,193906
"WEST BENGAL","35.000000",2235739,1104185,1131554,1490717,735448,755269,745022,368737,376285
"WEST BENGAL","36.000000",1379467,685605,693862,913909,453739,460170,465558,231866,233692
"WEST BENGAL","37.000000",1041670,528305,513365,682882,346032,336850,358788,182273,176515
"WEST BENGAL","38.000000",1380060,703659,676401,898761,457994,440767,481299,245665,235634
"WEST BENGAL","39.000000",975710,501607,474103,610432,312864,297568,365278,188743,176535
"WEST BENGAL","40.000000",2282162,1164722,1117440,1522812,771000,751812,759350,393722,365628
"WEST BENGAL","41.000000",1082291,562412,519879,713671,368368,345303,368620,194044,174576
"WEST BENGAL","42.000000",1188935,640040,548895,767093,414209,352884,421842,225831,196011
"WEST BENGAL","43.000000",797847,428723,369124,516424,279038,237386,281423,149685,131738
"WEST BENGAL","44.000000",801825,423707,378118,504731,267982,236749,297094,155725,141369
"WEST BENGAL","45.000000",1970941,1004383,966558,1297440,659111,638329,673501,345272,328229
"WEST BENGAL","46.000000",1029019,537208,491811,671402,350732,320670,357617,186476,171141
"WEST BENGAL","47.000000",714091,386701,327390,451863,246300,205563,262228,140401,121827
"WEST BENGAL","48.000000",979413,534323,445090,621351,341495,279856,358062,192828,165234
"WEST BENGAL","49.000000",642255,351597,290658,380421,209896,170525,261834,141701,120133
"WEST BENGAL","50.000000",1713807,891607,822200,1118663,580598,538065,595144,311009,284135
"WEST BENGAL","51.000000",799702,441198,358504,517004,286447,230557,282698,154751,127947
"WEST BENGAL","52.000000",725859,411010,314849,451261,257314,193947,274598,153696,120902
"WEST BENGAL","53.000000",492859,282548,210311,297886,172699,125187,194973,109849,85124
"WEST BENGAL","54.000000",525653,290869,234784,309099,172263,136836,216554,118606,97948
"WEST BENGAL","55.000000",1277976,645549,632427,837266,418421,418845,440710,227128,213582
"WEST BENGAL","56.000000",695295,375674,319621,441362,237516,203846,253933,138158,115775
"WEST BENGAL","57.000000",415069,235625,179444,250875,142165,108710,164194,93460,70734
"WEST BENGAL","58.000000",500934,281633,219301,303460,170113,133347,197474,111520,85954
"WEST BENGAL","59.000000",379376,208422,170954,215906,117985,97921,163470,90437,73033
"WEST BENGAL","60.000000",1202351,582619,619732,794621,381226,413395,407730,201393,206337
"WEST BENGAL","61.000000",523167,271593,251574,336331,172628,163703,186836,98965,87871
"WEST BENGAL","62.000000",435561,232224,203337,272037,142477,129560,163524,89747,73777
"WEST BENGAL","63.000000",287755,161065,126690,169297,93337,75960,118458,67728,50730
"WEST BENGAL","64.000000",296620,158900,137720,174160,91848,82312,122460,67052,55408
"WEST BENGAL","65.000000",898364,418497,479867,605898,277868,328030,292466,140629,151837
"WEST BENGAL","66.000000",405725,204958,200767,267770,132864,134906,137955,72094,65861
"WEST BENGAL","67.000000",231432,129025,102407,144226,78784,65442,87206,50241,36965
"WEST BENGAL","68.000000",252324,135268,117056,153063,80087,72976,99261,55181,44080
"WEST BENGAL","69.000000",195148,103532,91616,109457,56262,53195,85691,47270,38421
"WEST BENGAL","70.000000",687259,315300,371959,456471,205579,250892,230788,109721,121067
"WEST BENGAL","71.000000",262665,131532,131133,166290,80727,85563,96375,50805,45570
"WEST BENGAL","72.000000",202442,107835,94607,121342,63270,58072,81100,44565,36535
"WEST BENGAL","73.000000",119215,67637,51578,66941,37142,29799,52274,30495,21779
"WEST BENGAL","74.000000",119026,64577,54449,65887,34940,30947,53139,29637,23502
"WEST BENGAL","75.000000",343821,156758,187063,224256,100583,123673,119565,56175,63390
"WEST BENGAL","76.000000",162944,80184,82760,101825,49067,52758,61119,31117,30002
"WEST BENGAL","77.000000",79802,43347,36455,46216,24488,21728,33586,18859,14727
"WEST BENGAL","78.000000",87738,46268,41470,49497,25568,23929,38241,20700,17541
"WEST BENGAL","79.000000",65462,33659,31803,34239,17355,16884,31223,16304,14919
"WEST BENGAL","80.000000",228869,98784,130085,146650,62922,83728,82219,35862,46357
"WEST BENGAL","81.000000",90090,42256,47834,55639,25623,30016,34451,16633,17818
"WEST BENGAL","82.000000",57947,29798,28149,33306,17129,16177,24641,12669,11972
"WEST BENGAL","83.000000",33747,18229,15518,18275,9896,8379,15472,8333,7139
"WEST BENGAL","84.000000",35150,18125,17025,18735,9744,8991,16415,8381,8034
"WEST BENGAL","85.000000",94774,41652,53122,60820,26855,33965,33954,14797,19157
"WEST BENGAL","86.000000",44017,20847,23170,26432,12508,13924,17585,8339,9246
"WEST BENGAL","87.000000",21645,11390,10255,11889,6260,5629,9756,5130,4626
"WEST BENGAL","88.000000",20218,10481,9737,11289,5933,5356,8929,4548,4381
"WEST BENGAL","89.000000",16391,7667,8724,8752,4081,4671,7639,3586,4053
"WEST BENGAL","90.000000",57910,22493,35417,37557,14704,22853,20353,7789,12564
"WEST BENGAL","91.000000",29723,13396,16327,16334,7156,9178,13389,6240,7149
"WEST BENGAL","92.000000",18745,9125,9620,10289,5005,5284,8456,4120,4336
"WEST BENGAL","93.000000",8372,4230,4142,4942,2521,2421,3430,1709,1721
"WEST BENGAL","94.000000",9312,4579,4733,5603,2815,2788,3709,1764,1945
"WEST BENGAL","95.000000",23480,9848,13632,15903,6746,9157,7577,3102,4475
"WEST BENGAL","96.000000",11756,5341,6415,7449,3483,3966,4307,1858,2449
"WEST BENGAL","97.000000",7124,3551,3573,4437,2279,2158,2687,1272,1415
"WEST BENGAL","98.000000",9436,4474,4962,5895,2808,3087,3541,1666,1875
"WEST BENGAL","99.000000",5669,2414,3255,3502,1446,2056,2167,968,1199
"WEST BENGAL","100+",59186,27856,31330,33157,15331,17826,26029,12525,13504
"WEST BENGAL","Age not stated",112451,63752,48699,48381,26367,22014,64070,37385,26685
